0.057450287	0.029461231	0.39282498	0.22090897	0.07078809	0.10005677	-0.48127973	-0.003308903	-0.010842541	-0.6679708
0.1710113	-0.3318542	0.20479621	-0.09630246	-0.10523048	0.555387	-0.5236035	0.14795478	0.23202649	-1.0630168
0.18754148	-0.8824848	0.2723616	0.01089589	0.43458453	0.32464188	-1.1203792	0.55692273	0.49739215	-1.4539111
-0.0225918	-0.0232196	-0.10373771	0.020046577	-0.19719562	0.49928132	0.39787942	0.21248527	-0.4931846	-0.8569447
0.14303681	-1.1223276	0.12429744	0.39018482	0.47805053	0.109305054	-0.9700673	0.33965287	0.48807243	-1.1974959
-0.087487906	0.21410272	-0.44099888	-0.8879963	0.21574381	0.057409868	0.22171219	-0.6256298	-0.6797169	0.1757909
0.022210255	0.043443922	-0.59647685	-0.7083489	0.021174204	-0.22123583	0.19257389	-0.25622836	-0.22478195	0.37459454
-0.09020686	0.13599482	-0.4857572	-0.8717216	0.20328997	0.067870684	0.21817237	-0.56795084	-0.6545583	0.18844576
-0.10478987	0.081378594	-0.46760198	-0.26064548	0.16639975	0.064334154	0.7669529	0.047679976	-0.80559427	-0.4785759
0.07808509	0.64697313	0.035474677	-0.33896613	0.33237052	0.14644438	0.47624764	-0.25281015	-0.5443689	-0.006793534
0.14286953	0.97568667	0.26671916	-0.12715825	0.20723528	0.3368399	0.8250685	-0.11460369	-0.55677795	0.04188817
0.13192582	0.6045151	-0.088639356	-0.28942943	0.2159381	0.06265494	0.40231866	-0.17661917	-0.3961195	0.02519438
0.17742878	0.8110895	0.20763643	0.5856117	-0.22028448	-0.0540443	1.6310514	-0.04989464	-0.65833265	0.47799093
0.13087016	1.0187296	0.42197478	0.2355587	-0.04512496	0.4105482	0.9525365	-0.22646911	-0.5104545	-0.014762444
-0.24418631	-0.14572555	0.082891665	-0.66275746	0.2608312	-0.3896064	-0.12872845	0.13022909	0.2956267	0.53556335
-0.21924648	0.25469723	-0.3332019	-0.1583554	0.20146006	-0.22162463	0.9562669	0.044461086	-0.95773137	-0.37911332
-0.07702553	0.8853806	0.47675478	-0.63867587	0.34137598	0.24850062	0.6620026	-0.38762224	-0.8100826	0.17061807
0.36420605	0.76838374	0.6789311	-0.61566246	0.16957201	0.7943964	1.2807866	-1.1102505	-0.94075066	0.6922495
-0.010757688	0.04420692	0.11467071	-0.19261743	0.3058256	-0.1268257	0.075201884	-0.055635348	-0.32482678	0.051799584
0.039273567	-0.04749711	0.22730635	0.3369053	0.20567054	0.15757032	0.15460587	0.24355994	-0.12013053	0.2133097
0.20305556	0.5319252	0.5006194	-1.5191139	0.1363812	1.1904457	0.4645734	-0.5662075	-0.87315613	-1.4122143
-0.25646353	-0.8040402	0.25010467	0.48062178	0.073986016	0.35444742	0.02150221	-0.19980294	0.09100141	0.082983084
-0.01740472	-0.44203562	0.05324977	0.2625476	0.107129075	0.0863668	0.12937252	0.056842826	0.0717718	0.19614682
0.15310937	-0.57842004	0.17059648	-0.15512009	0.009700186	-0.06355069	-0.15813969	0.21916921	0.3624803	0.9383769
0.3198827	0.38545355	-0.08300077	0.051109746	0.036023423	-0.45731524	-0.35960624	0.27907386	0.51786363	0.6187342
0.12402239	-0.54439616	0.45640057	0.2540953	0.007687693	-0.39651388	0.20594434	0.33878657	-0.094300434	0.94505477
-0.008848757	-0.43071783	-0.69238466	-0.026862906	-0.3123769	0.23163748	0.3822195	0.3287078	-0.23629238	-0.31918526
-0.1848647	-0.09300627	1.4546067	0.540741	0.15367466	0.21391228	0.5692765	-0.68683666	-0.59232515	0.87570894
-0.13818946	0.6122897	-0.027633775	0.21694502	-0.23996286	-0.4898273	0.40794453	0.3801089	0.027086703	0.101857916
-0.3257106	-0.34159377	0.50805104	0.7649353	0.27475706	-0.23353714	0.008363966	0.49420157	-0.32448933	-0.21730472
-0.0154103	0.31498244	-0.5531107	-0.20836103	0.08112592	-0.4597514	-0.52227825	-0.3838291	0.58048564	-0.5460405
0.17690346	0.4435507	-0.099401735	-0.31038865	0.19064124	0.079205185	0.29073194	-0.29587033	-0.3900275	-0.057260357
0.056899212	0.31697863	-0.19840509	-0.5123475	0.22692907	0.020891372	0.2216799	-0.25321293	-0.3642575	0.16427897
0.094147645	-0.36595088	-0.024433047	0.21357131	0.12145708	0.23537093	0.095058784	0.4381844	-0.01132128	-0.036238387
0.18492097	0.22954622	0.28712368	-0.026306698	0.2281967	-0.40631825	-0.40866	0.39140594	0.4095961	0.39214697
-0.20133382	-0.5001948	-0.14438248	-0.65275943	0.26862717	-0.2290979	-0.001048375	0.1474884	0.17228629	0.6993354
-0.15694192	-0.98470616	0.5728324	-0.21628653	0.8890685	0.4206844	-0.13714129	0.70456386	0.19272369	0.12807345
-0.39603794	-0.43603128	0.024245854	-0.96874654	0.54893225	-0.38440147	0.64115936	1.0165809	-0.33206856	0.19515127
-0.44779643	0.39006546	-0.17047551	-0.25103554	0.083622634	-0.6409358	0.6040622	0.8633533	-0.2923529	-0.10016161
-0.29192916	0.17490791	-0.26286212	-0.021893693	-0.4553855	-0.020211976	0.56816995	-0.6908389	-0.86665523	-0.55853254
0.05230751	-0.24264845	-1.0171329	0.14598393	-0.26658002	-0.24115384	-0.36594474	-0.12483006	0.5654818	-0.80704653
-0.13671838	-0.55695724	0.10686469	-0.5672445	0.47857004	-0.31391403	0.017051911	0.528207	0.057876814	0.4727004
0.00322666	0.088250384	0.14274709	0.5221922	0.025217172	0.08063382	-0.14083658	0.41495466	-0.011216802	0.27625832
0.14621338	-0.64986676	-0.021803983	0.98468685	0.43992668	-0.62321174	-0.8505732	0.44294605	0.40800014	-0.09709227
-0.25542745	0.45322734	0.43447027	0.36720034	0.0616921	0.34986684	-1.450077	-0.5041826	1.1941183	-0.8486116
-0.040781874	-0.7717856	-0.18091457	-0.95722353	0.21040937	0.8556589	0.65139085	-0.1587637	-1.1631308	-0.18463717
-0.44125405	0.7460021	-0.20551173	0.64587724	-0.9369546	-0.18126795	-0.74799126	-1.4455204	0.69966966	-0.40722772
-0.27699095	-0.8094782	0.47400555	-1.0251349	0.8550085	-0.011757098	-0.41869858	0.1506083	0.10541423	0.9253932
-0.023471635	0.1115053	-0.09344252	-0.036626086	-0.052921716	0.02573134	0.26257297	-0.314676	-0.4016762	-0.04908639
-0.32457367	-0.20010215	1.3049248	0.6344672	0.5964759	0.4295948	1.1893656	0.08632002	-1.0263082	0.43415558
0.24033254	-0.58931583	0.49244496	0.36050972	-0.012050007	-0.5250254	0.27940658	0.49780858	-0.16195501	1.2076842
0.057568498	0.96622884	0.38776222	-1.2728618	0.3157719	-0.16102582	-0.15269528	-0.3846722	0.70894223	0.19425799
0.128382	0.71416456	0.24457388	-0.61825	0.08930937	0.3861114	0.14575005	-0.7101828	-0.4293852	-0.5539661
0.03185939	0.1739418	0.19002219	0.34709784	0.08947814	0.10228792	0.18381685	0.21420085	-0.14907423	0.18577808
0.23987362	0.16942425	-0.41788927	-0.6612937	-0.02089587	0.7489437	-0.042508293	-0.29988632	-0.0904837	-0.5086329
-0.038992316	-0.37338352	-0.922091	-1.3276865	0.212737	-0.061215244	0.6835715	-0.11387315	-0.9057569	0.03239412
0.30860168	-0.5575133	0.12518428	-0.027987609	0.59042233	0.47434047	-0.015508457	0.25258234	0.022352403	-0.08817122
-0.12737891	0.40149567	-0.6074215	-1.1310678	-0.31532255	0.1441619	0.031318117	-1.0302218	-0.36717543	-0.48754412
0.41157418	0.373927	-0.12617783	0.17918813	-0.000790655	-0.69913137	-0.39831308	0.45878977	0.55880475	0.79649514
0.034614593	-0.13582608	-0.19959152	0.71191454	-0.4499946	-0.4034505	-0.27158633	0.15746231	0.19985528	0.38957024
-0.2901619	-0.077340685	0.3931991	0.8329887	0.2596819	-0.07798569	-1.130669	-0.26152083	0.6916153	-0.19320029
-0.053340003	-0.55844676	-0.41318023	0.5982666	0.14438125	-0.3905997	-0.61925644	-0.06348699	0.68176264	0.16410139
-0.037770916	-0.0814188	0.05872715	-0.06859022	0.3134924	-0.017640106	0.30461335	0.2535153	-0.23920259	0.25094712
-0.05015193	0.13618472	-0.26532575	0.13288371	-1.1254122	-0.014619045	0.5473873	-0.94922346	-0.7788932	0.013479111
-0.22730339	-0.010773189	-0.002776374	-0.09812484	0.14316382	-0.25337896	0.3148625	0.781643	-0.14506501	-0.103477426
-0.42722815	0.594996	-0.41028893	-2.064079	0.74443734	-0.9332955	0.03799216	0.82713026	0.60019976	0.44377184
0.02219434	-0.18883997	-0.25796428	-0.049423344	-0.024517225	0.05001115	-0.21615621	0.75448686	0.27367184	-0.5445822
-0.035679534	0.27926528	-0.27808216	-0.042133786	-0.001564169	-0.34853235	-0.35953856	-0.4637135	0.31620148	-0.21082157
0.090540044	0.59107304	0.3625602	-0.53450817	0.14246716	0.39954418	0.16090445	-0.4975266	-0.52755666	-0.6715961
-0.073897526	-0.58187646	-0.44856974	0.59436107	-0.016403968	-0.2668985	-0.50806934	-0.1022429	0.6262625	0.3216991
0.41417897	-0.38152966	0.004000283	-0.20186973	0.46896186	0.3031749	-0.1590339	0.021921456	0.19542822	0.03821727
-0.27596736	0.28149247	0.23914868	-0.3978112	0.39096317	-0.42157573	0.10934982	0.35145748	0.0741829	0.4203292
-0.012800712	-0.5378234	0.08893889	-0.86151665	0.41638747	0.24346143	0.70814276	0.7066492	-0.49700534	-0.358134
0.48087507	-0.035604674	-0.38440973	0.11466818	-0.75871146	0.81363225	-0.470122	-0.2632748	0.15966897	-0.078271076
0.35807142	-0.75126976	0.3193827	-0.07137122	0.75698155	0.22016272	-0.5799294	0.70542353	0.5303115	-0.16311221
0.057985924	-0.39715958	0.16853577	0.20515472	0.401357	0.494862	0.23094374	0.3040986	-0.1412258	0.016180586
-0.069680385	0.33559638	0.24060813	0.308562	0.19603063	-0.112146445	0.042214103	0.69622517	-0.055432744	-0.10132269
-0.26239827	0.07234371	0.14073358	-1.0368694	0.17919753	-0.30860636	0.14968958	-0.5402868	-0.71890813	0.7874489
-0.078367025	0.02645782	0.16457127	0.5023504	0.10260192	-0.0222977	-0.17993101	0.2370089	-0.030240998	0.16620474
-0.19764613	0.20492259	-0.006432809	0.13394195	-0.5503222	0.35795286	0.33958727	-0.6221147	-0.8621438	-0.89942026
-0.043737482	-0.42208582	0.0967017	0.15791143	0.32176563	0.120149046	0.15953094	0.24985865	0.053951006	0.19353925
0.011682712	-0.41699243	-0.7034991	-0.859214	0.24095964	-0.009504937	0.8004845	0.030611243	-0.9185415	-0.3208246
0.002669841	0.14716351	0.11647306	0.49023068	-0.095655695	-0.47066358	0.88479614	0.828903	-0.32526374	0.3514207
-0.21684381	0.30721727	-0.667708	-1.5428097	0.45230117	0.18266988	0.94451797	0.14616755	-1.0563889	-0.1540377
-0.06666227	-0.030357681	-0.19219905	0.24538141	-0.9333009	0.176171	0.23929273	-0.7939222	-0.57550424	-0.13178717
-0.20958298	-0.3727005	0.37014142	0.8904643	0.03422991	-0.35939518	-0.10355188	0.3508583	-0.32444137	-0.5686928
-0.09082037	-0.59268254	0.35418463	0.26533026	0.5881749	0.44118688	0.20435876	0.57196516	-0.017039819	0.033963792
-0.067245364	-0.3418229	-0.77096677	0.66979235	-0.71897024	0.09990105	-0.5385341	0.9484081	0.910429	-1.1230645
-0.08402449	0.012717105	-0.15873884	0.22636406	-0.91142213	0.15639834	0.26476815	-0.8395179	-0.5979752	-0.16821544
-0.042122908	-0.021017581	1.6881934	0.14415173	0.37156925	0.26774845	-0.55439955	-0.027996786	0.15267724	1.2354916
-0.12648423	-0.7222294	-0.6841735	0.0850927	-0.49063253	0.2311055	1.0903928	-0.2198517	-1.2423548	-0.47451642
-0.1677782	-0.9706864	0.8499723	-0.22480781	1.0194755	1.0478988	-0.018812997	0.45829642	0.19042766	0.042470686
-0.006673746	-0.016013294	1.0919906	0.18962395	0.16574523	0.040393688	-0.10828737	-0.20961303	-0.06608229	0.85937816
0.037495352	0.2790993	-0.000628218	0.22084638	-0.031974945	-0.12807503	0.8170471	-0.10477654	-0.59751654	0.18463719
0.15397671	-0.64694685	-0.009479741	1.0536982	0.47249758	-0.6854489	-0.91833043	0.48172265	0.42810258	-0.122988604
-0.191185	0.49637014	-0.7384321	-0.66023415	-0.4752333	-0.65744483	0.3727444	0.13768943	0.23693134	0.09583154
0.030439764	-0.88079	-0.79592836	0.0630896	-0.43389225	0.3996797	0.39452347	0.5095735	-0.35167632	-0.38614243
-0.15486538	-0.38655454	0.2724179	0.9578779	-0.122071505	-0.32177013	-0.117082395	0.47666955	-0.31689072	-0.7549698
0.010619335	-0.38169846	-0.05814913	0.53339076	0.26934287	-0.33974117	-0.5209609	0.13089675	0.28156364	-0.090546645
-0.013859939	0.06230559	0.16657981	0.57480973	0.06680185	-0.054029476	-0.16519342	0.46235514	0.010755667	0.21582817
-0.256133	-0.34865552	0.35285532	0.98545474	-0.06548779	-0.41395637	-0.067712344	0.39069945	-0.36135548	-0.66636515
-0.25522065	0.067482024	-0.24722084	-0.4101881	-0.029411651	-0.107466176	0.46775934	0.42154413	-0.35014597	-0.68817693
0.30244988	0.17150848	-0.011604237	-0.19221826	0.31416953	-0.56977093	-0.580617	0.6721971	0.72530615	0.36475116
-0.17025527	-0.8206844	0.46493044	0.6681983	0.4360771	0.16700117	0.012221815	0.4639287	-0.121252425	-0.07075031
0.009458333	-0.14528073	-0.11167644	0.8107197	-0.34516528	-0.30196655	-0.31050304	0.32224506	0.155882	0.42968822
-0.028870907	0.29230022	-0.2884915	-0.072288565	-0.003569271	-0.3369427	-0.37670794	-0.48124975	0.33002076	-0.24658887
0.012020141	0.05928288	-0.21573056	-0.047696143	-0.10470995	0.30674765	0.21871059	-0.35611114	-0.45488524	-0.41958675
0.49323946	0.9498702	0.17639758	0.23012966	0.07254764	-0.702176	-0.83772	0.3854823	0.9718845	1.2786573
0.14995018	0.08193591	-0.41588077	-0.32526588	0.059149627	-0.21959354	0.16500121	-0.015375269	-0.05155518	0.089126654
0.006213866	0.118972465	0.40965688	0.5068025	0.29199827	0.48416618	0.1761928	0.2735802	-0.13412681	0.13220385
0.1743497	-0.32496855	-0.7450826	0.061505638	0.24166277	-0.16211662	-0.40980917	-0.40943742	0.50576127	-0.091071874
0.19380313	-0.7114592	0.5006584	0.1141953	0.053174492	-0.3484048	0.14239119	0.40058807	0.002413079	1.1875427
0.002864994	0.13516942	-0.056884706	-0.36738327	0.14514513	-0.17792565	-0.021505473	0.18647785	0.047180463	-0.020981468
-0.19624591	0.1708179	0.1858752	0.38225916	0.09580396	-0.301062	-0.433079	0.00587524	0.19769156	-0.12952594
0.09607387	1.3551643	0.28163776	0.50802463	-0.027831197	-0.38020116	-0.27454692	1.0788331	0.8261194	0.09071693
-0.015791673	-0.5264342	0.18700075	0.13053674	0.3769972	0.3557688	0.18081579	0.7260378	-0.06912711	-0.37495852
0.045520544	0.39924866	-0.1728629	-0.35370442	0.1391537	-0.049411017	0.25796056	-0.10277394	-0.2932914	0.014975778
0.002848089	-0.088223055	-0.12346007	0.65654236	-0.16281088	-0.4758143	-0.29897144	0.3990761	0.23917525	0.17673142
0.04983633	-0.20192458	-0.10453685	-0.5530842	-0.13947187	0.515856	-0.03976119	-1.0122296	-0.2919784	0.5638253
0.091142245	0.68914896	-0.05893092	0.36773407	0.017345171	-0.60958993	-0.22382683	1.0797651	0.51954675	0.17237525
-0.06208221	0.03131349	-0.24529791	0.15008378	-0.82909423	0.048823744	0.3158035	-0.6666527	-0.5354009	-0.026275536
-0.011648506	-0.24070193	-1.1093947	0.2715038	-0.21354617	-0.3951423	-0.52115595	-0.37729806	0.69858927	-0.852821
-0.06772477	-0.016152902	0.10675509	0.7059517	-0.06126904	0.035166472	-0.22061028	0.27027842	0.023457333	0.17804007
0.0701414	-0.47855547	0.7155373	0.13346238	0.17032315	-0.2864321	0.094713815	0.21043724	-0.11555825	0.93631077
0.02320759	0.2605351	-0.45889422	-0.19185635	0.11415859	-0.352447	-0.46030286	-0.1786433	0.52473736	-0.40496665
-0.101787716	0.06699015	0.2778941	0.033048816	0.06560583	-0.23719572	-0.3291435	-0.002604202	-0.1528383	-0.90827507
0.5498328	0.5007549	-0.09127735	0.16901341	0.02386235	-0.7616563	-0.5099669	0.4440717	0.7013466	1.0339347
0.11901835	-0.7648608	0.18510139	0.040402967	0.7105116	0.52612627	0.27643278	0.44432977	-0.033256106	0.011830187
0.064940415	-0.109411836	-0.1874216	-0.29067954	0.2404913	0.44262022	0.4615919	-0.34933344	-0.688009	-0.054904733
0.43374145	-0.3092711	-0.113070905	-0.2412311	0.4598713	0.15015075	-0.1803571	-0.059731625	0.25351492	-0.024736552
0.24429214	0.64644426	0.44323388	-0.06127622	0.40590993	-0.2957638	-0.84906805	0.095079266	0.82727104	0.3995618
0.40514448	0.03314137	0.13758883	-0.49617034	0.32247648	0.18305324	-0.28355443	0.05730251	0.23538694	-0.065164156
0.5232612	0.69844335	-0.03550776	0.20229271	0.020504262	-0.7557684	-0.5888688	0.33903372	0.77384615	1.0876192
-0.093334086	0.025868647	-0.9727267	0.4509529	-0.82204306	-0.42349786	-0.19164532	0.23804814	0.6016443	-1.3182838
0.1337165	0.37835824	0.09472831	0.67646414	-0.63087183	-0.46094292	0.66218174	0.20464665	-0.21793967	0.52894366
0.7302068	1.0901707	0.4574296	0.11478379	-0.09056081	0.023106076	-0.11858887	0.27191752	0.5522983	1.0406148
0.6551619	-0.34235698	-0.22465219	-0.3746704	0.51035154	0.65584576	-0.20122416	-0.22780113	0.15978096	-0.05869877
-0.2547037	0.1314358	-0.18313175	0.3718955	-0.7351531	-0.00830121	0.16285066	-0.45391682	-0.5720907	-0.85844934
0.17280424	-0.018828813	-0.5686462	0.066641726	-1.585151	0.08843225	0.26523533	-0.63447124	-0.32531643	0.4009863
-0.38158768	0.26669037	-0.43934852	0.68105423	-0.6534561	-0.2093376	-0.6860398	0.01489632	0.84172785	-1.4272106
-0.001359932	-0.7803007	-0.6077307	0.1194348	-0.45248926	0.45897835	0.2727985	0.564121	-0.20665118	-0.4510804
-0.083521895	0.2213952	-0.6675021	-0.96241415	-0.020717999	-0.23231012	0.099048786	-0.4334556	-0.20625946	0.1694372
0.5173481	-0.3510204	-0.06473097	-0.25908858	0.5066609	0.2858115	-0.18048473	-0.043447547	0.21278712	0.008276998
0.27735457	-0.25680634	1.1174564	0.50255233	-0.004117669	-0.014923932	0.25342837	0.13307373	-0.29406762	1.6541005
0.21122494	-0.6050259	0.2494833	0.4055881	-0.08576728	-0.3275317	0.22256228	0.5382008	-0.040266104	1.113703
0.008634843	0.16359393	-0.10832164	1.0693504	-0.6274131	-0.5844189	-0.3488048	0.25905436	0.2130775	0.36741722
-0.47672862	0.73208386	0.5945821	1.4215761	-0.5287243	0.023046143	-0.62140006	-0.36709002	0.39346784	-0.017639263
0.14132836	1.1590251	0.47545442	-0.2729114	0.4628788	-0.3467169	-1.2305095	0.110855855	1.4633787	0.16356595
-0.18332145	-0.46254963	-0.6733526	-1.0851177	-0.25946724	-0.18285406	0.4182969	-0.6188194	-0.731476	0.7192673
-0.11508748	-0.5657979	-0.48176834	0.6206427	-0.045453187	-0.2822671	-0.49213076	-0.11569502	0.65800756	0.3082579
-0.0256936	0.10279548	1.4110249	0.27969038	0.183628	0.29875976	-0.15835656	-0.37699702	-0.08412759	0.9277035
-0.18805435	0.4095865	0.42942685	-0.84791183	0.37114742	-0.055132896	0.36439568	-0.40236002	-0.7444163	0.45132136
0.11078384	0.48161316	-0.18491732	0.83405155	-0.62867206	-0.60264623	-0.01373649	0.51738554	0.27397645	0.23587494
0.123960726	0.11734897	-0.3649433	-0.22360943	-0.81627595	0.23200956	0.012858771	-0.8526197	-0.34983078	0.06473963
-0.041636582	-0.46803394	0.101043046	0.19119135	0.23503213	0.09951927	0.18168637	0.15207103	0.08659461	0.27684906
0.41689754	0.29396662	0.37100017	-0.3976336	0.5880359	-0.44437838	-1.0284004	0.15297464	1.1751359	0.6852802
0.24734181	-0.5327593	0.48963347	0.33937263	-0.025200259	-0.52105105	0.26409325	0.49477512	-0.16884919	1.2087328
-0.28562325	0.6175765	1.5476022	0.21873519	0.5902562	0.58656466	0.04091273	0.19429731	-0.2719426	0.34674087
0.02949424	-0.012501041	-0.22215927	0.8891833	-0.5285683	-0.5803921	-0.33222806	0.39782083	0.28590015	0.34616593
0.002923563	0.45292342	0.051528603	0.4412074	0.043693826	-0.38660812	-0.17894182	0.9605772	0.25777525	-0.02290561
0.020572491	0.42522106	0.03686891	-0.7216126	0.19275701	-0.17069341	-0.15649043	-0.19709593	0.2708661	0.053512443
-0.16445224	-0.1893979	-0.42870525	-0.8703771	0.3233204	0.035920642	0.7731418	0.26885527	-0.76578903	-0.26083425
-0.046527915	-0.27292445	-1.0356568	-1.126019	0.14181453	-0.3426238	0.6745479	0.17805663	-0.5194406	0.029442083
0.0902736	-0.21534385	0.008397646	-0.9308513	0.22660784	1.1314378	0.6514609	-0.48280624	-1.1816399	-0.58574766
-0.040344745	-0.12987992	-0.043398235	0.71165097	-0.33250916	-0.026668716	-0.049654305	0.2133452	0.044965703	-0.031701077
-0.20668674	-0.4259342	0.3307346	0.618795	0.26556888	0.03607092	0.26797256	0.41895646	-0.33445355	-0.23293802
0.08799874	0.31001583	-0.04702964	0.37959087	-0.030128043	-0.023165356	0.5350532	0.76171964	-0.16214904	-0.16926827
0.0631442	-0.33581156	1.0362304	-1.535292	0.95061165	0.45121992	-0.5321257	0.5042221	-0.1747662	-0.7706716
0.35366255	-0.30266315	-0.3198018	-0.08079281	0.4282225	-0.057017323	-0.41476005	-0.0593697	0.480247	-0.1575085
0.015968665	0.10243289	0.124646194	0.5433767	-0.003421743	0.0381554	-0.14244519	0.45765918	0.04331484	0.2872201
-0.076679885	-0.39836198	-0.54554856	-0.08682306	-0.5372391	0.043906726	0.9343382	-0.7272414	-1.1999314	0.22198336
-0.42677954	0.55702716	-0.38818192	-0.57069314	-0.33802795	-0.5144299	0.48832828	0.072648324	-0.44281957	-0.837925
0.37492302	0.35709953	0.62469834	-0.5202227	0.10315816	1.1641029	0.3971141	-1.1084113	-0.5685653	0.31778657
-0.48830307	0.49940377	-0.5496096	-0.7895121	-0.35599622	-0.43885863	0.45787814	0.29518792	-0.13964748	-0.7878349
0.16021812	-0.60687643	0.36722857	-1.409823	0.32543296	1.695477	0.4968396	-0.25200593	-1.2652436	-0.51507986
-0.08708374	-0.21833424	0.5761714	-0.24196394	0.52189445	0.8700466	0.22365005	0.67968136	-0.23692998	-0.5008266
-0.37675625	0.6118074	-0.27351204	-0.76645625	-0.19881114	-0.2331411	0.38764706	0.2306747	-0.13724105	-0.50088316
-0.5154995	0.3533088	0.9911781	0.5442171	0.4353938	-0.53151274	-0.82697576	0.3350985	-0.14647567	-0.61437446
0.3099748	0.18949118	-0.26893982	0.03174991	-0.7010107	0.32503062	-0.019476041	-0.28504777	-0.040271625	0.13127919
-0.022287816	0.06108996	0.14502156	0.48869056	0.030412517	0.000432663	-0.14299044	0.2999154	-0.020695519	0.25660372
0.27256754	-0.8204435	0.35864896	0.09743102	0.009861541	-0.4267038	0.2132107	0.50333303	0.02721152	1.2800255
-0.094012894	0.003710654	0.13225786	0.57039374	0.03958183	-0.05092983	-0.21496132	0.18694541	-0.010279296	0.158534
0.13418028	-0.043629296	-0.2547358	0.7995455	-0.61418533	-0.41966167	-0.14213528	0.33853033	0.18494427	0.40004346
-0.5274712	0.4174072	1.232944	-0.35400957	0.86966383	0.04826668	-0.09105481	0.5558434	-0.40321216	-0.14124756
0.03245739	-0.018657707	-0.17856076	0.06924747	-0.07944369	0.07219721	0.21291065	0.2597085	-0.19930993	-0.23540658
0.22782871	-0.11882132	-0.50791246	0.10041324	-1.0815332	0.34426025	0.0338642	-0.23618901	0.000347728	0.3437902
-0.34274235	0.28108972	-0.49021235	-0.6572055	-0.09227231	-0.16435862	0.38100523	0.39941546	-0.15491168	-0.52472055
-0.03918054	0.115259334	-0.61007303	0.15033822	-0.17413013	-0.36286113	-0.3368384	0.47625735	0.6405403	-0.3400719
-0.021205962	-0.3415647	0.5693941	-0.8530621	0.6671808	-0.034433287	-0.39725995	0.4591472	-0.13064776	-0.30583057
-0.45426264	0.30501842	0.88817173	0.47980106	0.42287573	-0.55959094	-0.77414984	0.33733106	-0.11772359	-0.6031888
0.06605781	-0.5149477	0.20158826	-1.3054916	0.24209389	1.5946169	0.60662556	-0.34969968	-1.3285505	-0.46750373
-0.030307345	0.1779346	-0.15095657	-0.005318739	0.029055476	-0.23001255	-0.3080614	-0.29281813	0.24528801	-0.19189173
0.005583033	-0.70415777	-0.061754495	0.67202055	-0.05450484	-0.038161848	-0.25619245	0.16223328	0.12685196	0.22874363
-0.29610392	0.071769446	0.11891105	-1.0496955	0.2001666	-0.33670527	0.19337736	-0.45408317	-0.75022364	0.80823237
0.14605454	-0.4903889	0.6648887	-1.283767	0.7890567	0.055018663	-0.52921706	0.54989094	-0.023662135	-0.58339286
0.107020415	0.08848506	-0.40224788	0.009720965	-0.15565747	-0.024269767	0.29227388	0.11115836	-0.11518806	-0.014166907
0.429565	-0.4587364	-0.1535374	-0.15396886	0.5926512	-0.42309672	-0.750021	0.3708168	1.2115703	0.79557693
-0.25241172	-0.38092035	0.41671413	0.97266674	-0.053747747	-0.3510338	-0.12576225	0.26423782	-0.35630265	-0.58974516
-0.025460757	-0.98784816	-0.7699396	-0.106185175	-0.81911516	0.49223074	0.45401564	-0.39435786	-0.49283558	0.60651803
-0.19409604	0.7958681	0.12489229	-0.5538174	-0.20737492	0.007922001	0.37763792	-0.07873595	-0.36747977	-0.7975894
0.002186477	-0.0162549	-0.113476425	0.7356792	-0.5445271	-0.48092902	-0.17168081	0.07307859	0.09842663	0.2758478
-0.16767973	1.0022126	0.12196142	1.7692372	-1.0882537	-1.1143147	-0.16175799	-0.12362934	0.21177068	0.35435358
-0.09130706	0.80292344	0.55234885	-0.023661954	-0.1148032	0.25332358	0.41790006	-0.7335855	-0.61614674	-0.28623724
0.29696143	0.37969625	0.1751712	-0.14764634	0.18483448	0.4871349	0.2790897	-0.4196969	-0.34601635	-0.017717354
0.124960296	0.009640776	0.056570422	0.40438268	0.06939085	0.030354932	0.63465285	0.8248777	-0.27047765	0.046036754
0.5190861	-0.29029566	-1.1858376	-0.42932546	0.15663847	0.16494669	0.19720323	-0.32647112	-0.19848356	-0.093829446
-0.047462504	0.38595107	-0.44635525	-0.2962275	0.12854512	-0.40723136	-0.6480799	-0.32668483	0.6859457	-0.61310637
-0.26791942	-0.47440565	-0.6804851	0.15761994	-0.4857243	-0.080994606	1.1448351	-0.28626627	-1.1482584	-0.4897741
-0.003281064	0.3493768	-0.14341003	-0.8785035	0.26738396	-0.35389745	-0.24684778	-0.16882499	0.3545517	0.18203297
0.000321746	-0.20723192	0.6885612	0.4563249	0.2742531	1.5018028	0.4062294	0.10814078	-0.20284256	-0.14405464
0.033522025	-0.8550735	-0.76126343	0.067843564	-0.4170783	0.2850004	0.42265004	0.4332694	-0.4230309	-0.3917395
-0.17850871	0.23279709	-0.18843696	-0.38169545	-0.090465315	-0.14201471	0.19807461	0.10860501	-0.22509684	-0.49963722
-0.05246117	-0.48209447	-0.14967662	-0.63129646	0.23724581	0.608539	0.5928697	-0.20032415	-0.9160315	-0.11376541
-0.053676546	-1.015215	-0.22530937	0.5289523	-0.13870217	-0.2023007	0.05554802	0.14071487	0.024930997	-0.22050373
-0.014530443	0.09742063	0.106549084	0.55026686	0.019235872	-0.07730944	-0.15380357	0.39540893	0.043260265	0.23252031
0.47684026	-0.43127418	-0.996724	-0.43419972	0.23699538	-0.039274495	0.43666124	0.030463804	-0.4185121	-0.48340335
-0.09887044	0.18028781	0.21308735	0.75288856	-0.082038574	0.10609326	-0.20304671	0.40804094	-0.022247318	0.2678272
0.63537425	0.5905461	0.06863816	-0.04871136	-0.1467786	0.19090971	0.14343901	-0.20674685	0.15375379	0.6544929
0.18869695	-0.6897661	0.8620295	-0.000408445	0.10658106	0.19260052	-0.2788191	0.12834401	0.19898005	1.5788661
-0.054824032	0.6093763	-0.29214618	-0.16172422	0.053965043	-0.29565555	0.812811	-0.45830923	-0.9110544	-0.18533136
-0.014914393	0.00077213	0.2642113	-0.13708746	0.2965694	-0.1026153	-0.11342352	0.5609205	0.021386715	-0.13814856
0.3958525	1.0295155	0.41530544	-0.12570123	0.14668563	0.51644576	0.8744244	-0.37110364	-0.49196717	0.24657007
-0.38143504	0.34371662	-0.33598286	-0.66806716	-0.11998602	-0.27230573	0.3481081	0.35783803	-0.17449184	-0.5723048
0.13327879	0.48548853	-0.09482326	-0.31895542	0.28728074	0.033295967	0.34727722	-0.24592689	-0.39239156	0.064092696
0.203156	-0.2375867	-0.093293	0.11034912	0.19536698	0.025379084	-0.4510475	-0.023470156	0.22583717	-0.41307738
-0.5311419	0.10907248	1.1283017	-0.17171277	0.8778731	0.34515598	-0.09883359	0.61898845	-0.13405506	0.038505938
-0.24644777	-0.0769898	-0.4359034	-0.5241325	0.14489959	-0.19626915	0.7254461	0.4365981	-0.5672834	-0.43206754
0.14304385	-0.43864158	0.15290327	0.2867903	0.27720752	0.54155815	0.04889635	0.26244318	-0.021993143	0.13777927
0.37544262	-0.49186507	-1.0263206	-0.35652247	0.1599362	-0.038360514	0.58990777	-0.024098612	-0.56482524	-0.5323202
-0.026461925	0.22667599	-0.17469871	-0.04101418	0.043054268	-0.26921824	-0.34210324	-0.3146269	0.30584037	-0.13428846
0.46908367	-0.000382679	-0.009869049	-0.35197386	0.54380774	-0.5968952	-0.83639246	0.7590568	1.022081	0.39041018
-0.41023976	0.97240114	0.014067973	-0.8688229	-0.40038455	-0.31254137	0.48211697	-0.18478556	-0.51229846	-1.0220073
0.026336111	0.000974406	-0.52704704	0.08530226	0.016220573	-0.20976952	-0.24439675	0.09070439	0.39757895	-0.15562358
-0.18289523	0.6375792	0.82268864	0.46338943	0.24612018	0.5938866	-0.019801974	0.19069956	-0.01965592	-0.12238394
-0.2713925	0.25809333	-0.16105722	-0.6364279	0.005208387	-0.19996274	0.14117466	0.29767194	-0.05513123	-0.33725658
-0.27738997	0.4221939	-0.22535932	-0.3516748	0.21155734	-0.47759512	0.57604223	0.42864498	-0.4476227	0.06939532
-0.17260087	0.1700275	0.039075587	-0.3454067	0.025255568	-0.020618055	0.25693542	0.36509988	-0.21476288	-0.62032753
-0.2968705	-0.030268244	-0.31703424	0.38510355	-0.6403452	0.19381338	0.6542932	-0.36618316	-0.83886623	-0.7455542
-0.39177746	-0.00807113	0.51150936	1.0052924	0.33916286	-0.16724342	-1.4627638	-0.35966128	0.90724075	-0.3963391
0.3568679	-0.34178868	-0.37523234	-0.114852674	0.41742405	-0.032863535	-0.39989448	-0.1733824	0.5120324	-0.12193529
0.41254306	0.05682269	0.13651988	-0.49927396	0.31948325	0.18353106	-0.29191348	0.048908986	0.23414427	-0.101407535
-0.04109336	0.2701504	-0.2935353	-0.054112837	0.000265433	-0.35140187	-0.35684177	-0.42575678	0.3182739	-0.25892964
-0.015785597	-0.11899942	0.710112	0.21608524	0.18981159	-0.3130339	0.16416644	0.10202928	-0.20843796	0.72758996
-0.14094362	-0.20365575	0.784284	0.043552957	0.46600127	-0.31256586	-0.18247122	0.33915067	-0.11898143	0.49939057
0.16176012	-0.12766598	0.25815848	-0.06480304	0.29179364	-0.18504599	-0.38866895	0.23510653	0.28387514	0.16426043
-0.22516155	0.2793241	-0.29162067	-0.36724758	-0.16085875	-0.079819426	0.42460284	0.026844276	-0.5100356	-0.8112242
0.23596895	0.64927816	0.4175197	-0.72778314	0.4622108	0.14191377	-0.057094313	0.0634766	0.40774986	0.08698611
-0.12120095	-0.21352671	-0.16013646	-0.13516837	-0.067494184	0.17293663	0.44202125	0.5955996	-0.29107282	-0.44120347
-0.34180108	-0.3414951	0.5076604	1.06804	-0.036430225	-0.29371497	-0.1433155	0.2616062	-0.39634204	-0.70366246
-0.05381454	0.3751025	-0.23839474	-0.09796056	0.010355125	-0.36257598	-0.44869667	-0.5130782	0.39340734	-0.2615076
0.27456927	-0.2589051	0.74688345	-0.4760822	0.48771125	1.6057781	0.4486718	0.36217287	-0.39203683	-0.38125762
0.11609969	-0.028714541	-0.15022106	0.06821287	-0.00569556	0.38899574	0.28502902	-0.17668721	-0.37877446	-0.16231054
-0.003493428	-0.60303825	-0.50601286	-0.005497873	-0.2250212	0.30569392	0.42182484	0.8123758	-0.17319933	-0.33574516
0.36779562	-0.26275694	-0.25668526	-0.1163382	0.41274247	-0.09307873	-0.36332104	-0.013018456	0.4161324	-0.11634605
0.07577292	-0.057301953	-0.20272928	0.85005057	-0.60415304	-0.492245	-0.2532583	0.23373774	0.18124747	0.38574195
0.17721277	0.078028336	-0.46938455	-0.38861495	-0.7771765	-0.10837688	0.46364796	-0.63652045	-0.3694628	0.6988409
0.16249055	-0.016215038	-0.20591553	-0.12620251	0.09614658	0.49918178	0.22540636	-0.2980048	-0.4177978	-0.19572136
0.009379484	0.2667925	0.1469931	-0.073999345	0.039572757	-0.13424054	-0.02104595	-0.05562704	-0.09111054	-0.10674688
0.12815437	-0.10111958	-0.006477166	-0.5251656	0.08176165	0.43325427	0.001150751	-0.72359526	-0.38810948	0.18049487
0.027960509	-0.28450748	-0.7009669	-0.8843418	0.23023486	-0.13236055	0.48658115	0.03902545	-0.5414499	-0.12132392
-0.15336965	-0.19479933	-0.47526112	0.9325431	-0.5152701	-0.2367738	-0.26919776	-0.11676618	0.53120446	-0.4198812
-0.05923064	0.8054102	0.61677086	0.3417771	0.14900137	0.51121354	0.27772826	0.6111785	0.03773737	-0.33914018
0.2822676	-0.58113056	-0.15972987	0.12559669	0.02224297	0.3598602	-0.7089109	0.3168253	0.39864555	-0.8731339
0.038036704	0.05034856	0.12236481	-0.18840252	0.30584636	-0.07442345	0.07884271	-0.08161221	-0.28326526	0.026895601
-0.08786655	-0.23369338	-1.0888468	-1.3748232	0.20345482	-0.26862565	0.70609695	0.06684492	-0.6799457	0.015892517
0.32569426	-0.36904228	-0.9728213	-0.40926343	0.064324684	0.43865776	0.14253351	-0.47147274	-0.23314683	-0.030410755
-0.3360184	-0.44720355	0.5233804	0.91034037	0.20230614	-0.17953855	0.059667066	0.43064377	-0.40728208	-0.42000765
0.63822347	0.049146336	-0.29315996	0.16555882	-0.8319094	1.1262263	-0.48725355	-0.31320706	0.11124605	-0.16175184
-0.3124436	-0.28785044	0.43663228	1.0115709	-0.064757645	-0.31151602	-0.057381485	0.314045	-0.4161918	-0.63552046
0.02820845	-0.2039273	0.70085776	-0.16788569	0.5534525	0.8177446	0.19653124	-0.23416376	-0.10205106	0.15692191
0.0628153	0.8692245	0.1449853	-0.19632445	-1.2693954	-0.060335502	0.9046743	-1.3485606	-0.5367264	0.48264822
-0.02599623	-0.027904758	0.075477906	0.6012575	-0.08181931	0.11427526	-0.1905652	0.27843875	0.004623123	0.24304591
-0.18090424	-0.67102987	0.2813555	0.33990595	0.09563351	0.22141036	-0.07572459	-0.22170585	0.18154003	0.25778115
0.31379744	-0.28259674	0.06162924	-0.15140969	0.42697564	0.25368002	-0.061493956	0.11497408	0.08204654	-0.014342666
-0.32846898	0.24338001	0.5802733	0.6088798	0.4895804	-0.24661502	-1.1934364	-0.017677657	0.6311409	-0.5065672
-0.07867985	-0.047500186	-0.9304275	0.11187158	-0.32048422	-0.43798956	-0.35920617	-0.38305208	0.49166924	-0.669225
0.16414332	-0.6145241	0.012997112	0.9134885	0.4313702	-0.60002387	-0.7518033	0.4515416	0.3300215	-0.059022907
0.4226152	0.104214534	-0.01651644	-0.3602155	0.36258847	-0.5132321	-0.7089609	0.38187826	0.9972405	0.66156274
0.042788796	0.014270227	-0.00927255	0.17615664	-0.011774093	-0.0831109	-0.045123987	0.06026136	-0.10346097	-0.26238886
0.20089453	-0.11164148	0.22570449	-0.07220383	-0.028534982	0.03741911	-0.10722868	0.05598095	0.19547684	0.6802558
0.052501358	-0.54039633	-0.659233	-0.10714411	-0.7244144	-0.5745996	0.7918621	0.251304	-0.2670914	0.5477573
-0.048522253	0.007739861	-0.12789237	0.71404696	-0.25756687	-0.4359396	-0.2812457	0.29603633	0.2673481	0.14882545
-0.029272791	0.22626752	-0.1565844	-0.32510623	0.028907105	0.08427676	0.25039575	-0.23978883	-0.53048396	-0.4927758
0.26730904	-0.55122465	0.43081713	0.3837606	-0.011246508	-0.505157	0.3300596	0.60196716	-0.16257122	1.2115277
-0.002817676	-0.8314563	-0.121327266	-1.2295741	0.17849398	1.167705	0.623581	-0.23809025	-1.339715	-0.30223128
-0.32437545	0.038016994	-0.3954733	0.1846423	-0.67410946	0.117954835	0.4726238	-0.5916317	-0.8733475	-0.87055707
0.22691509	-0.5926793	0.49828395	0.32481867	0.022446055	-0.52861404	0.2347111	0.56344384	-0.1381627	1.2076486
0.24171561	0.14725783	-0.1364683	-0.2783563	-0.003772957	0.2521071	-0.10587801	-0.3734069	-0.030789906	0.047516603
-0.16621777	0.6613717	0.27035818	0.43938282	-0.14731887	0.18686497	-0.529862	-0.14955741	0.41063592	-0.34091684
0.07287162	-0.45172715	-0.043479703	-0.5504441	0.2653676	0.23860243	0.6828812	0.3229124	-0.7102402	-0.4429199
0.24720109	0.15698153	0.021178944	-0.37750697	0.24438602	-0.04506727	-0.384772	-0.06303282	0.41193572	-0.14088097
-0.24138281	-0.22732587	0.27239218	0.9001476	0.39585692	-0.29480064	-1.1543621	-0.1685699	0.62327343	-0.3477266
-0.08290344	-0.37272447	-0.522405	0.3488415	-0.39682683	-0.040209588	-0.18836997	-0.051967777	0.42683208	-0.069894925
-0.2014189	0.42405942	-0.21437481	-0.34657526	0.21593504	-0.41457638	0.5298319	0.27449876	-0.4471026	0.10019204
-0.033385508	0.41883928	-0.41734833	-1.5280993	0.34869114	-0.43978885	-0.3013368	0.40468645	0.7531426	-0.40240294
-0.08649138	-0.6486573	0.29819828	0.70676386	0.19609624	-0.2305599	-0.19494325	0.18797614	-0.082778126	-0.36870474
0.09867566	-0.3670442	-0.6654413	0.0996052	0.30090797	-0.16634706	-0.5470178	-0.4200612	0.6589766	-0.030679036
-0.18190743	-0.35215428	0.30737868	0.79320085	-0.0451134	-0.089384906	-0.017251486	0.31912678	-0.30729586	-0.5457493
0.06201648	1.9667553	-0.11451315	-1.2037623	-0.5600062	-0.35787335	0.77441025	-0.56156236	0.14485319	0.17696594
-0.3685644	0.46579623	-0.19053924	-0.50869286	-0.19246644	-0.36222324	0.37389272	0.19763748	-0.38641182	-0.7803654
-0.18136956	-0.5177023	-0.5135377	0.5190171	0.09478359	-0.041160174	-0.8138678	-0.4725832	0.9656007	0.38068274
-0.005242512	0.07169826	0.14562307	0.4774154	0.019862033	0.034152046	-0.14732325	0.3264972	-0.014083436	0.29993185
-0.12723368	0.23040646	0.4370059	0.6445973	-0.61474687	0.66877997	-0.27400228	0.14114304	-0.058836207	-1.6336854
0.06578637	0.072458535	-0.37586913	0.123495154	-1.3049159	0.10791592	0.26607075	-0.79655164	-0.58925706	0.088411175
-0.32533172	-0.5803022	0.99592626	0.5865462	0.7713273	0.9387125	0.07571551	0.35902545	-0.18264349	0.10659109
0.24850017	0.14411533	-0.16596918	-0.27221772	0.005797588	0.23588005	-0.10161566	-0.3417266	-0.038919825	0.026758686
-0.36871278	0.4467456	-0.06607327	0.62653774	-0.5381499	0.24129906	-0.9482027	-0.23697594	0.894714	-1.6662061
-0.014990591	-1.0584068	-0.48909357	0.021124065	-0.75138974	0.3163223	0.16768187	0.019948818	0.022780824	0.63600284
-0.024132196	0.2807397	0.12473296	0.7002214	-0.18242998	0.092077	-0.07587394	0.3831733	-0.008732847	0.15300083
-0.27476767	-0.9040609	-0.15340719	-0.996545	0.44969746	0.18694088	0.17997175	-0.28830495	-0.51644146	1.061745
0.7769706	1.3656554	0.7195724	-0.043951556	-0.16544065	0.82263947	0.3876215	-0.17989351	0.29076672	0.48511496
0.007565372	-0.17760211	-0.19054228	0.7764331	-0.5136529	-0.43868855	-0.27573138	0.15541822	0.1993323	0.32858884
-0.3936838	-0.10810685	-0.5193302	0.24384	-0.7066612	0.15766627	0.59915334	-0.42584494	-0.972392	-1.1227878
0.26725668	0.19077313	-0.06935065	0.002354326	0.06029736	-0.60721064	-0.24953075	0.67985237	0.5252105	0.46736988
-0.3418706	0.4073898	-0.3644463	-0.43423465	-0.2437208	-0.31128725	0.46375656	-0.007682362	-0.53023654	-0.7532635
0.052665405	0.24912062	-0.17065348	0.31540132	-0.07694322	-0.21620853	-0.104830176	0.94405735	0.23763599	-0.3521186
-0.29806012	1.1549482	0.060033266	-0.249819	-0.049437772	-0.82058287	0.7359487	0.49069387	-0.21280585	0.59846205
-0.19177759	-0.23963767	0.75822604	0.6452683	0.36388433	-0.19667143	1.2384756	0.3842055	-1.0157744	0.4283455
-0.19253334	0.07407759	-0.28606036	0.033476423	-0.066104315	0.09486391	1.0865585	-0.39112386	-1.1254998	-0.4048706
0.023322523	0.8816485	0.4184381	-0.09659367	0.12080518	0.3658066	0.6469735	-0.4442062	-0.6544963	-0.36833408
-0.41607744	0.22791958	-0.05884125	-0.064237274	0.033632163	-0.6135484	0.43290016	0.8221669	-0.2300071	-0.28586143
-0.11366714	-0.7107868	0.082753874	-0.6749485	0.4237324	-0.12996179	0.58792734	1.0815595	-0.22958301	-0.38404778
-0.12180528	0.29538545	-0.25557077	0.4653761	-0.504078	0.39049324	0.61433417	0.4366581	-0.2869722	-0.9745597
0.19151917	-0.5388759	-0.7318263	-0.28517553	0.09890356	0.14396313	0.6414098	-0.049000513	-0.7647302	-0.40915605
0.07923751	0.6827393	0.32458994	-0.9074498	0.25812685	-0.067364156	-0.114586174	-0.24499908	0.4739613	0.056261506
0.22519132	0.13802981	0.21524741	-0.17794324	-0.015956663	0.69185984	-0.10752789	-0.28024042	-0.17559642	-0.56260026
-0.051826403	0.29147685	-0.05301626	0.88549536	-0.12053535	-0.81305516	-0.56645757	0.22030954	0.38758865	0.24882923
-0.15580074	0.66101754	-0.01716198	-0.12741938	-0.00981866	-0.45391187	0.5006951	0.29356664	-0.1436094	0.3910766
0.11690787	0.19808617	-0.52700806	-0.018441575	-1.5435275	-0.17549731	0.51305777	-0.77776515	-0.44904783	0.4366355
-0.29111728	0.57023734	-0.20555845	-0.5092416	-0.16685912	-0.2620479	0.43998298	0.12222393	-0.4084628	-0.68277407
-0.4183747	0.65238374	-0.3828136	-0.60931754	-0.3969406	-0.56507564	0.459012	-0.03592919	-0.39548457	-0.7557138
-0.040097184	-0.16252737	0.5417307	0.010970106	0.1886993	-0.29911134	-0.055829197	0.17076686	-0.0360143	0.6186287
-0.1670607	0.33049497	-0.58341855	-1.0859058	-0.2748872	0.10133059	0.06441675	-0.7672413	-0.3172606	-0.47177172
-0.41664279	0.8298557	0.35875997	0.49875572	-0.04193398	0.01435367	-0.6986031	-0.020522673	0.6951349	-0.47482494
-0.14926466	-0.052008834	-0.3498638	0.24488129	-0.46911475	-0.077846915	0.68893063	-0.33260044	-0.70796204	-0.26102087
-0.25621927	0.22703746	0.048059102	0.23566447	0.07891676	0.08935684	-1.2950796	-0.089312404	1.1100253	-0.96613693
0.10046347	-0.7536766	1.1329008	0.32651898	0.1995285	0.17932475	-0.07175967	0.23975873	-0.028491678	1.5658456
0.25894728	0.26855487	0.024768945	-0.14508738	0.19054613	-0.48087597	-0.48772424	0.33519825	0.6014719	0.43930423
0.17133403	0.5520645	0.27033734	0.33784103	-0.13556856	0.16039546	-0.3644061	-0.000797892	0.3227757	0.30079994
0.24910125	0.14865534	-0.17836459	0.009801112	-0.115926616	0.33147243	-0.14117134	-0.094610006	0.07112846	-0.1864139
0.059417404	0.31044075	-0.09618977	-0.8201783	0.29642084	-0.25293165	-0.21254128	-0.11865524	0.32074705	0.20415793
0.20929453	0.13001287	0.046350047	-0.5399917	0.6461172	-0.6289381	-1.3634046	1.3145442	1.3714131	-0.15031232
0.4636901	0.3790929	-0.009967753	0.19329886	-0.012337828	-0.68647563	-0.37055352	0.39909643	0.5445631	0.9365349
0.038125604	0.17784859	-0.32094058	-0.2473044	0.13342832	-0.11874841	0.30503857	-0.07310438	-0.33602467	0.036244072
-0.1899438	0.8183669	0.09158292	-0.56902856	-0.113253325	0.02781649	0.3928182	0.056399792	-0.2651393	-0.5139235
-0.26439595	-0.42204893	0.44611093	0.71748966	0.2825274	-0.06251991	0.18877518	0.638987	-0.35965186	-0.3513517
-0.40363702	0.49744105	-0.4384723	-0.73634493	-0.22491732	-0.36669305	0.3964262	0.24145894	-0.16861534	-0.58464354
-0.4739524	-0.39051032	0.9756553	0.19070949	0.8347827	-0.033859733	0.08994736	0.67016536	-0.35299322	0.26563674
0.04167913	0.15285176	-0.48006988	-1.1880182	0.33830112	-0.51487553	-0.26304913	0.39911264	0.5722279	-0.33923787
0.06535379	-0.53275806	-0.8291659	-0.7242104	-0.5561996	0.54691255	-0.37986156	-0.6950366	0.48609495	0.80249226
-0.031027135	0.22694969	-0.10057926	-0.210138	0.15773812	-0.28399694	0.36944285	0.28434864	-0.13780688	0.4799497
0.027290732	0.17908716	0.40704438	0.20349269	-1.4753907	0.71573067	0.31308287	-1.5152398	-0.55207443	0.016528971
0.2939385	-0.84575844	0.30777454	0.119602814	-0.040204577	-0.4096685	0.2476039	0.5085675	0.034407776	1.3120493
0.12626392	-0.003987955	-0.22835845	0.9252224	-0.75704944	-0.45099482	-0.069227695	0.3567244	0.15223452	0.34872308
0.07448215	-0.046515822	-0.25299573	0.17629711	-1.2070006	0.38520473	0.2118819	-0.7696454	-0.5312698	0.07852245
-0.06081018	1.2369977	0.482498	0.6034897	0.002003213	-0.055978086	-0.3317099	0.97696114	0.6704644	0.04948419
0.03651481	-0.21352543	0.12764937	0.26210633	0.14844985	0.044622764	-0.046293627	0.25290355	-0.11826714	-0.35671487
-0.106923245	0.2887306	1.0408726	0.23963529	0.23234229	0.18853022	-0.35515973	0.010458082	-0.024668455	0.4887404
0.26034918	0.09079735	-0.57848775	-0.969531	0.36164188	-0.35158816	-0.14775577	0.121499345	0.44612744	-0.229302
0.24621123	-0.7070936	0.5189035	0.15933523	0.0664117	-0.37985095	0.24520005	0.35642025	-0.054150525	1.1914867
0.28775188	0.026348572	-0.014863047	0.12842152	-0.16366349	0.12744929	0.024536759	-0.03067043	0.07250618	0.5136226
-0.29766166	-0.36661792	0.45167837	1.04292	-0.025260411	-0.33373696	-0.09596209	0.29282185	-0.40424582	-0.6475061
-0.15913472	0.09134263	0.8789313	0.34838027	-0.002246427	0.8840618	-0.35499108	-0.07566177	0.09248063	-1.2077403
-0.11563304	0.28952128	1.3448709	0.24294874	0.30637088	0.18755063	-0.26036927	-0.07185395	-0.099166416	0.70282894
0.06452907	-0.052407876	-0.24020608	0.8947697	-0.6823714	-0.49616006	-0.20848541	0.2790935	0.21746379	0.33387986
-0.14600351	-0.044212975	-0.66598684	-0.74943393	0.32492328	-0.18700852	0.70271605	0.22470619	-0.64220226	-0.106063746
-0.40587547	0.24731866	-0.45125827	0.76557547	-0.71852493	-0.25599283	-0.6375663	0.05386825	0.79072106	-1.3777897
-0.42895266	-0.106686115	-0.58294797	0.21456328	-0.7717853	0.12703851	0.6674699	-0.51301175	-1.0213456	-1.1243864
-0.12479667	0.42469755	-0.46250948	-0.9761996	-0.12455022	-0.025438286	-0.04662838	-0.5032048	-0.06356285	-0.31591716
0.001270682	-0.5777581	-0.76903534	-0.55637354	-0.5019958	0.5594697	-0.3303279	-0.6041137	0.42687553	0.76159614
-0.35623363	1.019413	0.36906642	0.14876337	-0.07431405	-0.19060442	-0.84932375	-0.7883811	0.7245355	-0.58040065
0.002416134	0.1971673	-0.4561969	-1.368616	0.3217607	-0.4871441	-0.28008074	0.46097887	0.64416933	-0.4431421
-0.31265247	1.2063284	0.25885972	-0.9002659	-0.2009752	-0.020885859	0.5232451	-0.21960832	-0.5634941	-0.87440664
-0.049692065	0.077809304	-0.6539922	0.3414815	-0.781112	-0.040837944	-0.24384117	-0.65128666	0.1918137	-0.6070615
0.27533898	-0.07028537	0.12639272	0.12013104	-0.124206044	0.48527506	-0.45215234	-0.087482534	0.20902407	-0.43249264
0.05131714	0.22611007	-0.12188545	0.9657518	-0.67634994	-0.61404204	-0.1443842	0.22371183	0.14253744	0.34332892
0.010374323	-0.09920108	-0.27566004	0.16872263	-0.16121215	0.23021302	0.35036847	-0.025385685	-0.43171677	-0.36290434
-0.15318875	0.056781445	0.29797974	-0.2147115	0.3594399	-0.11415624	-0.017029049	0.3024635	-0.15750486	0.07686476
0.005662806	0.45762235	-0.03804619	-0.85257024	0.20460802	-0.24486785	-0.21306282	-0.23712471	0.3254662	0.10088904
0.101290576	0.3401412	-0.12901221	-0.7625619	0.19064847	-0.19872572	-0.20453148	-0.21116193	0.3302646	0.05571943
-0.26401448	-0.23525952	0.49396935	-0.13168924	0.51716685	-0.024723697	-0.10146978	0.6800274	0.01708463	0.16908373
0.3125573	-0.51731586	0.44978043	0.4830695	-0.051649597	-0.5624585	0.38066068	0.61362886	-0.21499018	1.3032483
-0.17049173	0.1708416	0.39484653	0.27095377	0.22973381	-0.33892697	0.5957817	0.092784666	-0.5721797	0.27008364
-0.18590859	-0.39313465	0.35965818	0.94803524	-0.110415906	-0.22207549	-0.16060542	0.2517309	-0.3156526	-0.7195122
0.46871644	0.88071257	0.082963355	-0.9694774	-0.042050976	0.27834353	-0.2090076	-0.8611983	0.31231606	0.17331146
-0.08918386	-0.11711256	0.35808137	0.30613348	0.33239785	-0.19822624	-0.17608073	0.5713752	-0.018422483	-0.025779549
-0.14020306	-0.07135919	-0.00353534	-0.47847974	0.29386687	-0.3540754	-0.44992173	0.40705305	0.16905065	-0.93431574
-0.012072567	-0.4355575	0.34472898	0.36950433	0.47180662	0.17089033	0.20173408	0.5871843	-0.0940526	0.020799924
0.033924982	-0.655002	0.23229045	-0.049422443	0.6329374	0.2008613	0.20234267	0.7322239	-0.008105177	0.011021477
-0.18467698	0.16069618	0.20200476	-0.2807541	0.3243435	-0.22229362	0.14352107	0.32627094	0.025889477	0.28260428
-0.27035648	-0.819844	0.03162992	-1.0929902	0.6236832	-0.14838889	-0.037401907	0.053182047	-0.15272345	1.0019106
-0.14571264	-0.255458	1.1068665	-0.93959314	0.86381453	0.9996971	0.16385846	-0.31538287	-0.4008962	0.6057886
-0.012575448	-0.70779496	-0.021302477	0.25228786	0.10854596	0.015670322	0.044205897	0.01904961	0.2330537	0.37629062
-0.077859566	0.07542752	0.54175836	-0.07705282	0.34367594	0.008517336	-0.3391734	0.105714366	-0.12598017	-0.46269187
0.11768124	-0.6393313	-0.00132183	1.0587479	0.4924795	-0.6873925	-0.979926	0.44685403	0.479258	-0.15537833
0.2475031	0.6256271	-0.34007964	0.44056085	-0.48558548	0.30741352	0.39081532	0.7148613	0.11082259	-0.53859425
-0.17765442	-0.53968704	0.3812045	0.8491019	0.090915404	-0.19739476	-0.11520817	0.28081623	-0.29483032	-0.41720554
0.88512987	-0.44208378	-0.20526473	-0.5822016	0.33015043	1.0115823	-0.51757616	-0.000851584	0.40905976	-0.42218623
-0.10033335	0.697068	0.5131931	0.26981294	-0.1268618	0.3055516	-0.48822296	-0.31336498	0.34701934	-0.3065381
-0.16213617	0.00613945	0.49420583	0.035781566	0.19987825	-0.2997433	-0.47592267	0.002157884	-0.17610644	-0.86867446
-0.18189362	0.42325738	0.20293494	1.2591033	-0.5800997	-0.31475663	-0.54861516	-0.044056986	0.2542268	0.39473182
-0.06148226	0.33240503	0.2432664	0.69921124	-0.0762565	-0.046379503	-0.16683197	0.41433164	-0.011571692	0.26474532
-0.112756714	0.15484759	-0.44142142	0.38003108	-0.1505064	-0.4946697	-0.4567192	0.5132876	0.5912868	-0.503014
-0.30538955	0.96089697	-0.053248957	-0.9113822	-0.30487245	-0.13421983	0.477508	-0.27218667	-0.45403257	-0.8999197
-0.19720727	0.123781234	-0.4201931	0.26541814	-0.33274555	-0.25059634	-0.3656414	-0.7122115	0.27626297	-0.26051578
-0.21397483	1.286168	0.38091603	-0.7819035	-0.2802462	-0.045436297	0.41005844	-0.31622782	-0.21211652	-0.8014948
0.46056086	0.6112061	0.24745302	-0.3351857	0.10225872	-0.29015243	-0.6234105	-0.045652546	0.79871416	0.6042993
0.3179378	-0.14416917	0.15647224	-0.61071575	-0.012479892	1.1744791	0.37506595	0.6823319	-0.38308454	-1.2272094
-0.34763634	0.5665997	-0.4210009	-0.5416554	-0.32135126	-0.43848088	0.42680714	-0.09666297	-0.39273095	-0.69645095
-0.04828034	-0.34489638	0.27305058	0.32132784	0.22916053	0.27511403	0.19082415	-0.15102871	-0.14240399	0.120969415
0.019063286	0.28793395	-0.17400217	-0.089980766	0.09546357	-0.11930554	0.41577113	0.26942605	-0.2301568	0.034088556
0.1464538	-0.6827178	-0.01428879	1.1023768	0.47441977	-0.7095009	-0.95770574	0.48721495	0.45865956	-0.12490164
0.17750487	-0.65081954	-0.017447986	1.0623233	0.4200376	-0.7053515	-0.86837643	0.5462723	0.37105706	-0.0985829
-0.15121692	-0.40220267	0.26348102	0.9325479	-0.11033312	-0.3407753	-0.10856187	0.4739469	-0.31112915	-0.7306036
-0.0792627	0.31322834	-0.115989156	-0.008148653	0.07813937	-0.33170244	-0.44455174	-0.27469915	0.4158864	-0.15497407
0.44465607	0.05802964	0.10259371	0.46427462	-0.2839236	-0.37363485	0.9067834	0.3610923	-0.38096863	1.1480567
-0.33646485	1.1994511	-0.25077382	-1.8035796	-0.41745096	0.029298328	0.33559793	-0.4466212	-0.098873965	-0.94266474
-0.13869393	0.12850308	-0.65666157	-0.07432914	-0.1683588	-0.19355443	-1.1420072	0.6213666	1.2709341	-0.9392079
0.31037557	-0.10383649	-0.0653796	-0.21818003	0.34260583	-0.005827088	-0.31682676	0.038225666	0.22280516	-0.23142064
-0.2009182	0.24906209	-0.12967135	-0.26010028	0.08976411	-0.39552054	0.34449232	0.35114545	-0.24718073	0.15413572
-0.045206334	0.40325683	-0.24385656	0.2564581	-0.0932271	-0.36936244	0.17594291	1.1061682	0.18141855	-0.37850752
0.04840353	0.10930419	-0.04550634	-0.22222263	0.2326597	-0.011327667	0.19456209	-0.120633505	-0.348111	0.003570178
0.18882737	-0.010360153	-0.36786887	-0.122090705	-0.027569372	0.3011025	0.06931282	0.11323681	-0.0798914	-0.094568245
-0.08202559	0.43137977	-0.14051417	0.044863053	-0.82047987	-0.34335688	0.7533249	-0.76430506	-0.61095035	0.16437824
-0.0509531	-0.74096805	-0.09971989	-1.1065841	0.24069947	1.1079332	0.6407742	-0.26093432	-1.2702907	-0.26661083
-0.20208284	-0.70548797	0.15039518	0.84662765	-0.11631942	-0.17362908	-0.17821714	-0.050816253	-0.000944743	-0.3763933
0.88844097	1.1837263	0.4576454	-0.11196185	-0.23261522	0.45800734	0.3448651	-0.18528059	0.31281197	0.75041056
-0.19346328	0.10617046	-0.4271318	0.2775076	-0.3094802	-0.25816363	-0.3173934	-0.6457794	0.25418082	-0.2662981
0.33900774	0.23749122	0.0312469	-0.24816535	0.20133653	-0.42988956	-0.5297533	0.28334168	0.7316643	0.5052572
0.024693668	-0.48254418	-0.4800275	0.34634155	0.27407017	-0.232324	-0.56866956	0.10146222	0.5733766	-0.39604166
0.6298853	0.5363264	0.05808895	-0.055219337	-0.16794708	0.18308844	0.13633244	-0.2670675	0.16661325	0.6763295
-0.3942748	0.53719646	-0.37521267	-0.645418	-0.25903422	-0.41608748	0.4369058	0.14665386	-0.3184837	-0.7106039
0.17811304	-0.12882766	-0.6453904	-0.31667066	-0.037860513	0.3250807	0.20987168	-0.28957418	-0.48603415	-0.80402166
0.016776621	-0.25417304	0.11977087	0.16112836	0.31332174	0.15464978	0.13411622	0.048319858	-0.1005692	0.15938164
0.0363572	-0.38886085	-0.2712315	-0.5109845	0.18615913	0.0819429	0.669662	0.34652865	-0.70997703	-0.5116337
0.07827257	-0.6228139	0.007642202	1.0471249	0.47389558	-0.63135564	-0.9887325	0.35841697	0.49882907	-0.17560177
-0.002998471	0.3400466	0.006366802	-0.63684887	0.19017537	-0.1970898	-0.17829703	-0.15164936	0.2190573	0.046742134
-0.164823	0.09867731	-0.52428925	0.23765154	-0.39547014	-0.2290461	-0.45411968	-0.8147015	0.3195687	-0.26165232
-0.12896918	0.09168187	0.17272049	0.33777744	-0.14627984	-0.07986008	-0.15147734	0.14747724	-0.19709761	-0.7915426
-0.21084714	-0.13471512	-0.82447344	-0.936185	-0.21184982	-1.016203	0.7848425	0.661927	0.03356354	0.6372303
-0.3257168	0.5014756	0.084896676	-0.38929638	-0.115920566	-0.3272723	0.22431745	0.11777787	-0.36427927	-0.87281424
0.007180125	1.8521596	0.30927342	-0.7797789	-0.25944147	-0.29293686	1.0488781	-0.25798917	-0.44853708	0.35344765
-0.12746389	0.46412587	-0.6347973	-1.2189152	-0.29375625	0.12734263	0.03633469	-1.0166862	-0.34952196	-0.48291528
-0.2170591	-0.8028735	0.24942705	-0.9436185	0.69590825	-0.059454396	-0.21743658	0.07043606	0.002190128	0.89455014
-0.17167461	-0.041351527	-0.25812858	0.15330537	-0.1586946	0.21976465	0.70434207	0.068897314	-0.5849962	-0.50823754
0.104095675	0.03188644	-0.35854203	0.06494905	-0.03153277	-0.010878848	-0.22122973	-0.13770975	0.23466796	-0.16123436
0.14001814	0.34170926	0.07361295	0.03987418	0.1991183	-0.52219737	-0.5480991	0.30004263	0.50289375	0.40242895
-0.01995008	0.38757187	0.004047187	-0.71112186	0.19835173	-0.22294836	-0.1827648	-0.16435209	0.25055504	0.0646071
0.043105982	-0.09364785	-0.2045864	-0.41787985	-0.09420312	0.22298792	0.28317845	-0.7189653	-0.45995438	0.44113424
0.5689755	-0.21139854	-0.30039895	-0.35274887	0.459979	0.4157928	-0.15263563	-0.17979826	0.11881258	-0.043216527
-0.12608054	0.2095581	-0.24598071	-0.33136478	-0.1059864	-0.000800233	0.32361224	-0.4838287	-0.6308063	-0.4630895
0.10267729	0.24662846	-0.10335732	0.29049507	-0.5063413	0.93232715	0.33973587	-0.14503607	-0.50908387	-1.0037775
-0.23047966	-0.34353557	1.1708168	0.5153335	0.49327648	0.40733728	1.2267743	-0.2991533	-0.8796562	0.6713909
0.3988102	-0.096790776	-0.31962007	-0.14484301	0.19793975	0.1323451	-0.35042885	-0.0937059	0.23573412	-0.36405757
0.013950743	-0.7719118	-0.052845556	-0.66076624	0.33279306	-0.12513319	0.70589066	0.86682093	-0.44647995	-0.3304118
-0.08410074	-0.05609587	0.50418377	-0.4356936	0.49482048	0.02384787	-0.23648755	0.42334223	-0.13921905	-0.21323152
-0.031385157	-0.79237866	0.27247837	0.18490458	0.21351317	1.1928526	-0.12857097	0.31798807	0.023517704	-0.34505016
0.39177677	-0.584333	-0.077026196	-0.15746409	0.5454017	-0.37264103	-0.5596244	0.37750387	1.0477883	0.76586235
-0.1931973	0.8759098	-0.38672546	-0.5820426	-0.22940156	-1.1007825	0.79720324	0.55384904	0.08450061	0.90984
-0.099035636	0.09297362	-0.20195003	0.07999814	-0.38352317	-0.11386421	0.4132764	-0.5220984	-0.5388491	-0.047998704
0.003665589	-0.044022024	-0.26838773	0.20292386	-0.2304183	0.12374307	0.34332988	0.22926746	-0.2612434	-0.25603044
0.08562205	-0.30871624	0.1717267	0.15218365	0.1608423	0.17351834	0.033913083	-0.10645912	0.09876494	0.365179
-0.1410844	0.26078632	0.20000865	0.36979172	-0.014569652	0.07355959	-0.47358158	-0.062854536	0.25292632	-0.13609055
-0.37876123	0.35691223	-0.286787	-0.39731267	-0.18587305	-0.39453527	0.37448677	0.20547442	-0.2897175	-0.7223814
0.6087792	-0.36657792	0.002317658	-0.3090433	0.5578453	0.43739036	-0.23725145	-0.056757547	0.2307701	-0.03889891
-0.053688206	-0.76917005	-0.15425983	-1.0484256	0.2441389	0.9651662	0.6693579	-0.20759547	-1.2455789	-0.2208856
0.42906392	-0.38141045	-0.12245883	-0.22492722	0.5944399	-0.4435938	-0.75078386	0.39980218	1.1915205	0.7870577
-0.22415471	0.39625373	0.053342316	1.3949674	-0.8730569	0.039876625	-0.28448236	-0.04633344	0.3174313	-0.05284761
0.029369138	0.5996491	-0.41345882	0.46441314	-0.89013827	0.45578808	-0.16745017	-0.4128281	0.23658846	-1.4463447
0.16415352	-0.13759984	-0.20008096	0.5642971	-0.62570226	-0.17393908	0.8078139	0.010015293	-0.35722667	0.2808433
-0.25845134	-0.7155706	-0.30811337	-1.1616555	0.19151036	-0.31688243	0.15361878	-0.13545747	-0.34330902	1.0707774
0.002800904	-0.17229186	0.4923296	0.2737665	0.11901609	-0.44861898	0.15890713	0.45680955	-0.14935802	0.72409946
0.111265905	0.46890202	-0.076132156	0.3480383	-0.015539698	-0.35201755	-0.089492865	0.9612522	0.32905024	0.08147226
0.09519639	0.75816774	0.020032402	0.41284466	0.056868028	-0.6383027	-0.36855853	0.7786372	0.5529523	0.35956484
-0.058877077	-0.35910842	-0.9932251	-1.3411146	0.16213562	-0.15644124	0.6583532	-0.096200615	-0.7815048	0.052463774
0.42505538	0.36177573	0.49494016	-0.41962147	0.39392647	1.0164413	0.56443155	-0.02043372	-0.40330806	-0.17004326
0.10785527	0.4160658	0.016045824	0.2359832	0.11492761	-0.46819815	-0.23861635	0.8635057	0.38785395	0.22456351
0.10787361	0.11968283	-0.2647137	-0.23207454	0.061369468	-0.021423483	0.16940413	-0.221518	-0.2942904	-0.050052393
0.120385386	-0.29968998	0.29188544	-0.5413801	0.26205784	0.5379745	-0.060200136	-0.6687194	-0.18472277	0.23432834
-0.12271675	0.13895048	0.040937446	0.381406	0.054242503	-0.4480912	-0.3717115	0.15625377	0.18892662	-0.05993487
-0.13153845	-0.17660338	0.22161634	0.46944362	-0.14305188	0.08829327	0.3383403	-0.14795066	-0.33568123	-0.013549874
-0.17008707	-0.5348966	0.5318533	0.53177774	0.42656472	-0.1666232	-0.222465	0.58993155	-0.19320433	-0.3252677
0.060944922	0.24113655	0.14560105	0.042218268	0.0495341	-0.044058546	0.10812114	-0.03579459	-0.10139106	0.19995047
0.21347204	0.31652725	-0.14856489	-0.22435716	0.34428325	-0.49459806	-0.73327434	0.596977	0.7997059	0.12484521
0.19582036	0.1027403	-0.12071015	-0.2059194	-0.025493966	0.5001123	-0.07765762	-0.28936848	-0.13830303	-0.5168773
-0.09018373	0.12113091	-0.36111587	-0.27277243	0.003804644	-0.011230011	0.35452446	-0.024873056	-0.4409687	-0.41147348
0.07003697	0.16222306	-0.23318653	-0.23403166	0.121820666	-0.015579376	0.22222614	-0.21866791	-0.36305562	-0.0209957
-0.09456347	0.15758535	-0.32840183	-0.43440843	0.356798	0.23787704	0.66627395	-0.0334344	-0.7630333	-0.111466564
0.002594277	0.00672007	-0.1013598	0.99178594	-0.6810241	-0.36224818	-0.20451894	0.09770001	0.09928096	0.2729231
-0.16405258	-0.040479053	-0.38400176	0.08424276	0.1391185	-0.19516318	-1.1380199	-0.6135214	0.8975628	-1.1291792
0.12925959	0.61889917	0.30533835	-0.48392117	0.38147652	0.8206141	0.8190078	0.13212669	-0.7123965	-0.28424764
-0.13534264	0.33677873	-0.06492308	0.41777623	0.18429866	-0.714875	-0.5768099	1.5206857	0.46567822	-0.5847798
0.12052774	0.6151065	-0.2858867	-0.20160955	-0.7825735	-0.47631437	1.3619618	-1.1348462	-1.0279397	0.5126966
-0.093490005	0.014866851	0.17377274	-0.11627775	0.3087003	0.024196662	0.16341576	0.49833256	-0.21978761	-0.03257482
0.44628143	0.010587975	0.10901306	-0.327319	-0.13078931	1.1663387	-0.21646316	-0.73517865	0.05374113	0.14384404
0.04687141	0.5632565	0.042202115	0.48876846	-0.058621798	-0.14438233	-0.023332687	1.0417225	0.1707307	-0.2504231
0.50085336	-0.3183923	-0.12972054	-0.24807374	0.49025142	0.2545959	-0.16621697	-0.037487455	0.18744746	0.00213758
0.1644834	-0.6343043	0.16676691	0.020015394	0.596134	0.2641061	-0.0697461	0.442279	0.14652754	-0.10613614
0.19806296	0.4963717	0.32699746	-0.6764883	0.39328194	0.19609675	-0.02956001	-0.011993964	0.23833255	0.06780007
-0.30204058	-0.850881	-0.12829304	-1.0128947	0.42561755	0.052194476	-0.016054694	-0.2738981	-0.14127547	1.0963687
-0.17751169	-0.65128267	0.23798417	-0.7639876	0.67784923	0.05224353	-0.071406685	-0.050663978	-0.10117325	0.7615604
0.075550266	0.23754025	-0.7125666	-0.529466	-0.44915518	-0.64517236	0.44826755	0.05324662	0.08599941	0.43802518
-0.4669947	0.21019393	-0.13775717	-0.44068694	0.31324103	-0.6071497	0.61438894	0.8499897	-0.39239594	-0.05679877
0.005387798	-0.98879385	-0.7655214	-0.057993174	-0.863023	0.43579784	0.5986127	-0.44651687	-0.62633073	0.5274595
-0.18221343	-0.41433942	-0.5684772	-1.1857367	-0.20725279	-0.4052881	0.41129124	-0.49213785	-0.6884578	0.92172223
0.41645408	0.101118565	0.33657587	-0.8391706	0.082697704	1.0206915	-0.088878155	-1.2502869	-0.29862392	0.21232285
-0.10989382	0.40784636	1.0319355	0.10836018	0.5788402	-0.31499025	-0.9260179	0.5525068	0.32316703	0.1580651
0.12146824	0.14621699	-0.20859674	-0.081004955	0.07275013	-0.11194007	-0.20328237	-0.18447493	0.14553548	-0.14344819
-0.035279367	-0.90311414	-0.14454903	-1.0965157	0.2217096	1.1792761	0.778156	-0.1469653	-1.3616972	-0.29612106
0.16774112	0.25662977	0.6318658	-0.27394867	0.36273766	0.54335165	0.0778824	0.08990259	-0.24670677	-0.3979499
0.15113124	-0.49647352	0.584301	-1.2288672	0.72164136	0.04183165	-0.4461529	0.5228819	-0.001637561	-0.547917
0.010124505	0.14697143	0.05850562	0.57775146	-0.020872636	-0.24176542	-0.13919458	0.43906385	0.09742173	0.13375975
0.28880847	0.2206022	0.08647472	-0.11685025	0.029150408	0.21481344	-0.005018296	-0.18909238	0.033029836	0.21918938
-0.06846002	0.33567372	-0.50097764	-1.7079481	0.3816597	-0.5757127	-0.35552797	0.5576876	0.8318813	-0.4499293
0.25994104	-0.17723161	0.07543681	-0.19490199	0.6107455	-0.34703934	-0.89445853	0.23011054	1.101494	0.5867466
0.034488007	0.00097006	0.015379603	0.42412433	-0.07676491	0.08045813	-0.08855124	0.2508529	0.002680765	0.17977881
-0.017383523	0.22381136	0.14155962	0.6248445	-0.05888636	0.10920565	-0.17794994	0.34074646	0.04391191	0.25058633
0.007514045	-0.09051135	0.22934961	0.34573075	0.24525675	0.15778318	0.115169376	0.20378308	-0.11611805	0.25261137
-0.25465074	-0.2514159	1.2035049	0.52506906	0.6540497	0.53134656	0.8834384	0.16896886	-0.8058361	0.34579688
-0.2885478	-0.71741664	1.0549599	0.5785512	0.7108254	1.2288271	0.18022797	0.15174857	-0.15020491	0.17624341
0.2824472	-0.3699966	-0.43745512	-0.10902434	0.36541563	-0.07413238	-0.34825093	-0.22902578	0.5259419	-0.030080715
-0.06819216	-0.65838367	-0.14983915	-0.86195374	0.26131356	0.79363084	0.65405685	-0.18629694	-1.0908186	-0.16618493
0.26599056	-0.002715096	-0.35728943	-0.1455541	-0.1947426	0.7392837	-0.06941881	-0.14828889	-0.022462027	-0.095464505
0.007882834	-0.6004866	-0.670761	-0.017585555	-0.4260901	0.22915298	0.44385788	0.010292118	-0.5430397	-0.5226482
0.093107514	0.5798976	0.1093526	0.40235412	-0.35242233	-0.1831908	0.2329418	0.17892791	0.0249161	0.25807863
-0.05088536	-0.16563424	0.56380415	0.050008453	0.20382403	-0.30345157	-0.044589594	0.17489037	-0.06416984	0.60822356
-0.20918843	0.51636773	0.3865549	0.92144436	-0.06010305	0.26130086	-0.33442092	0.35942766	0.006182758	0.29663804
0.011130966	1.4884561	0.48686048	0.69399166	-0.5582858	0.39859074	0.6550313	0.6816484	0.24511842	-0.43370748
0.3654273	0.13881607	0.4610286	-0.23297797	0.22225368	1.1559426	0.85413516	-0.8823851	-0.8688763	0.52797306
0.13472986	-0.7542082	0.22201231	-0.001799963	0.7527231	0.43013144	0.16281392	0.4346429	0.045104943	-0.08117855
-0.10474163	-0.11798145	0.123403095	0.43163824	-0.09704451	-0.15672465	0.018779173	0.17511076	-0.21534903	-0.43799773
0.08178919	-0.2677318	0.27033687	-0.06913612	0.34225693	0.076794244	-0.16334614	0.37316114	0.14986935	0.081003755
-0.07219605	-0.10841857	0.31260487	-0.21849869	-1.1173654	0.8727883	0.18916328	-1.7556688	-0.51539296	0.44988593
-0.11183583	-0.5403469	-0.5071843	0.5131596	-0.04517295	-0.24956922	-0.50263834	-0.1678705	0.7177313	0.3232304
-0.19396421	-0.24711253	0.78073406	0.61413044	0.44576636	-0.09332733	1.1286612	0.34898907	-0.9187705	0.41220704
-0.42183793	0.6258121	0.607944	0.64573836	0.062143195	-0.014517102	-0.59915024	-0.086449176	0.26121968	-0.23222028
-0.036243718	0.29326212	-0.2747281	-0.07469052	-0.00524152	-0.33374876	-0.3760136	-0.47205174	0.3271949	-0.24954216
-0.04376047	0.059497345	-0.55806315	-1.2238461	0.34409386	-0.6216266	-0.15242222	0.47597465	0.5317621	-0.30862516
0.18609071	-0.85739833	0.26836306	-0.005414045	0.8011565	0.66119766	0.07638928	0.39076906	0.08637607	-0.043596454
-0.036787637	-1.0010653	-0.71622735	0.06586356	-0.56400555	0.3190932	0.86971104	-0.085179135	-1.0518895	-0.36866376
0.2379927	0.15593863	-0.1690191	-0.31818256	-0.001481199	0.22908047	-0.08926296	-0.42777145	-0.07360678	0.055621523
0.42531556	-0.37752786	0.37309876	0.4727231	-0.16052398	-0.51454353	0.53039867	0.44510743	-0.2769044	1.3253201
0.3588167	1.0106945	1.2510507	-0.097221114	0.11937974	0.28694004	-0.4078514	-0.06307956	0.3462982	0.41099283
-0.044522777	-0.5291943	-0.462727	0.54822004	0.12823819	-0.339745	-0.58700484	-0.12494736	0.6917838	0.17915553
0.038061284	-0.2131526	0.10953013	0.10674204	0.34259748	0.25595954	0.18014055	0.23453285	-0.12444076	0.060759056
-0.04367835	0.3452067	-0.25669968	-0.08209485	0.000776428	-0.36129293	-0.4258788	-0.50977075	0.36740214	-0.23548971
0.00144998	-0.70558727	0.014532141	-0.4934532	0.3304922	-0.05110745	0.60914546	0.78938377	-0.37741822	-0.32864147
-0.047557764	0.04206148	0.7925231	0.000659457	0.37079948	-0.3067739	-0.18511555	0.50222474	0.020557009	0.6880713
-0.004054412	-0.98500246	-0.145194	-1.2086029	0.1969148	1.2313449	0.7899252	-0.12967645	-1.4358494	-0.38325176
-0.5823161	-0.22975379	0.8345153	1.2354683	0.08549435	-0.12724951	-0.14674017	0.27311692	-0.4273273	-0.74845093
-0.10167105	0.26694778	-0.55423	-0.5117157	0.22581367	-0.539062	-0.8605386	-0.007112059	0.926494	-1.0162492
0.14651904	-0.5237269	0.67455137	-1.2995669	0.8092484	0.033410653	-0.52500385	0.5742225	-0.030408056	-0.57475156
0.012958087	1.1154444	0.1999986	-0.45705757	0.16851713	-0.06380308	0.5731652	0.04392777	-0.23331487	0.058267195
-0.19523008	0.3961071	-0.31862953	-0.6291759	0.26025254	-0.44104978	-1.1856977	-0.1787384	1.0979266	-1.3339356
0.28268993	-0.5975738	0.508666	0.43603438	0.005784863	-0.51006323	0.3024374	0.59641266	-0.18645142	1.3326589
0.008784905	0.24724856	-0.47725913	-0.3743355	-0.2050356	-0.4320637	0.3643547	-0.036869355	-0.08683499	0.27358666
-0.15967885	-0.26805684	0.23369443	0.5297755	0.03291521	-0.042139117	0.016556982	0.19883014	-0.20113587	-0.21623
0.343898	-0.08679105	-0.21627767	0.33637372	-0.6286484	0.6046989	-0.4186306	-0.27913216	0.1392563	-0.16480029
0.004189223	-0.14106303	-0.16227214	0.7608056	-0.44804165	-0.4597594	-0.31939328	0.15160064	0.19967915	0.37850103
0.2357961	0.22277865	0.080258206	-0.39721194	0.002593275	0.5713637	0.039199144	-0.32871553	-0.36924314	-0.63392967
-0.4203892	-0.7990261	1.1022502	0.8340035	0.6793679	0.57986486	-0.38469627	0.32620177	-0.090205014	0.29637557
0.5909278	-0.35538992	-1.1769996	-0.4316003	0.24812701	-0.061568916	0.21565866	-0.23544613	-0.26553822	-0.39718243
0.18575734	-0.09311877	-0.0554283	-0.03195717	0.17974797	-0.24440992	-0.29200184	0.19054489	0.38243833	0.1999033
-0.3523494	-0.08393434	-0.43665135	0.2585434	-0.5771819	0.11294906	0.591044	-0.29301843	-0.8411472	-0.93807197
-0.106781855	-0.45281225	-0.4274404	0.5543419	0.043750785	-0.17973503	-0.6131988	-0.30237582	0.7116459	0.29210246
-0.20393842	-0.23155594	0.6590196	0.5516505	0.4038921	-0.17589536	1.0379817	0.4469737	-0.8260698	0.36241415
0.01621572	-0.17876485	-0.16936485	0.737529	-0.48802564	-0.3953258	-0.26539633	0.11732969	0.16218546	0.38405266
0.046489708	0.40219778	-0.030842982	1.0375235	-0.50200444	-0.781827	-0.3184473	0.284207	0.19018087	0.43747914
-0.06534104	0.1181245	0.06519993	0.07365861	-0.08157287	-0.13561891	-0.17544387	0.12757424	-0.09557336	-0.91950214
-0.14321224	0.1497089	0.11466052	-0.16135241	0.22888817	-0.36382595	0.17952284	0.013205248	-0.46327174	0.010119549
-0.000108622	0.000163864	0.05769134	0.5972738	-0.120557636	0.08426952	-0.14337716	0.2796788	0.017846733	0.21051182
0.5719225	-0.23519017	-0.1976942	-0.31248066	0.39876083	0.706133	-0.12717603	-0.16106309	0.0692433	-0.09913349
-0.22074762	1.6935601	0.25134456	-0.429783	-0.07793386	-0.81360817	0.82172734	0.4787922	-0.085541785	0.69022214
0.47019404	-0.5256019	-1.2621292	-0.39725837	0.1555766	-0.047438763	0.52331537	-0.23152131	-0.5555691	-0.49302998
0.076237015	0.2349456	-0.20362708	-0.9548476	-0.15835272	0.4793342	-0.15481484	-1.0004536	-0.395482	-0.2877019
-0.31106558	-0.7883755	0.6715599	-1.0729032	0.97425276	0.0820946	-0.44124633	0.15709408	0.040230654	0.9282492
-0.29900047	-0.9163146	-0.128752	-1.1615335	0.46825188	0.27939278	0.21279562	-0.3149096	-0.6461755	1.1798486
-0.016351454	-0.80434287	-0.61599296	0.12270473	-0.5035609	0.47877166	0.26211113	0.47170496	-0.23900202	-0.29714897
-0.016767144	-0.8349303	-0.57180786	0.020330943	-0.36846107	0.5000961	0.29933405	0.33586293	-0.34698308	-0.35109982
-0.06853518	-0.1461148	-0.1290984	0.9185167	-0.62166965	-0.3922311	-0.30837905	-0.058528222	0.20688748	0.2170991
-0.002002917	-0.8377113	-0.6580975	0.13505149	-0.4739631	0.36937055	0.37735492	0.40713173	-0.38875914	-0.36169338
0.17395088	-0.47458407	0.24398585	-0.17218982	0.035962503	-0.0581055	-0.23531641	0.11025902	0.39797562	0.9351729
0.47984982	0.113618046	-0.30079544	-0.601542	0.3209212	0.2342124	-0.17705517	-0.075834244	0.15429874	-0.16499536
-0.45904228	1.0119443	0.01702081	-0.8657629	-0.33279672	-0.28336886	0.596665	0.076854855	-0.4569759	-0.92501235
-0.21058553	0.17053445	-0.52210814	0.30984992	-0.4899544	-0.28263873	-0.5863342	-0.8945859	0.45963517	-0.3623401
-0.2914037	-0.7052266	0.9980345	-1.0685009	1.0431836	0.29009348	-0.546978	0.15095791	0.1663254	0.97533524
-0.17463432	0.081878215	-0.6202199	0.26602843	-0.45659342	-0.2257477	-0.44988787	-0.8201955	0.31765532	-0.36630964
-0.2193912	0.5029422	0.005271593	0.08765717	-0.06304725	-0.25457832	-0.43188497	-0.48166755	0.3385671	-0.38426253
0.094651975	0.41564035	0.42290357	0.03300373	-0.30740795	1.0738531	0.24167925	-0.54727846	-0.5322829	-0.96283114
0.58013624	-0.02290871	-0.15225737	0.3159447	-0.76029485	0.975726	-0.5937521	-0.31669912	0.18638761	-0.15682264
0.022240229	0.83398825	-0.027346216	-1.6203659	0.47912556	-0.38345918	-0.18319523	-0.29434007	0.52966595	0.47702426
0.1169037	-0.2892743	1.130673	-1.6273316	1.0156039	0.6226238	-0.53025395	0.45014444	-0.22354381	-0.834709
0.15360054	-0.50801206	0.50972444	-1.2472211	0.6845341	0.019343775	-0.41149327	0.54798263	0.002992323	-0.5874806
-0.10794553	0.4290134	1.0257802	0.108995	0.5790333	-0.31608492	-0.9237021	0.56300944	0.32459414	0.16088255
0.15950906	0.24479708	0.32879964	-0.05465083	0.27611163	-0.46831262	-0.47610158	0.440651	0.4352147	0.39285535
-0.27179378	-0.000652023	0.58296466	-0.22410637	0.4997986	-0.200145	-0.10787702	0.7514321	-0.003402984	0.1866114
0.47278786	-0.097872525	0.073266774	-0.19370161	0.19728982	0.20643213	-0.64850026	-0.12571116	0.34387714	-0.59825385
-0.013697408	0.17347956	1.5631453	0.36577863	0.12863472	0.40516305	-0.037465546	-0.56975967	-0.16498868	1.020396
-0.042692617	-0.01686389	1.7078276	0.14801744	0.3740941	0.2691946	-0.55691445	-0.030036177	0.1587836	1.2553712
-0.1195126	-0.15439594	1.449798	0.42205742	0.3087043	0.22583976	-0.2565424	0.010526715	-0.10520281	1.12512
-0.036447756	-0.024414923	1.6921782	0.13977654	0.3672833	0.2668899	-0.55788773	-0.026592568	0.15973276	1.2579058
-0.13118754	-0.07168268	1.3826838	0.2701325	0.36311385	0.14029664	-0.4272832	0.18483575	-0.008941345	1.0294439
-0.27117577	1.4077783	-0.29836744	1.2808661	-1.4983233	-1.179723	1.1720676	-0.18459418	-0.081553094	-0.23407917
-0.29492503	1.0427147	0.20464398	-0.08746907	-0.049686547	-0.28012925	-0.7724611	-0.84895474	0.7953909	-0.5916611
0.012370132	0.16783945	-0.8443307	0.3879159	-0.84628063	-0.08257453	0.14021935	0.24484284	0.26320544	-1.1054562
-0.10806857	0.79948974	-0.37407422	-0.58313465	-0.30321398	-1.059557	0.8014803	0.37492228	0.1315735	1.0130411
-0.36549369	-0.8122476	1.1161875	-1.1483754	1.153155	0.41481552	-0.58081305	0.104617864	0.14645164	1.0928082
-0.44713998	-0.089533925	0.24543062	0.7707269	0.13109599	0.40657145	-1.3897812	-0.6738111	1.1647245	0.13987447
-0.14136073	0.16298603	-0.12013483	0.07793817	-0.30688983	-0.10213007	0.39536005	-0.48199177	-0.53614604	-0.0864694
0.01754421	0.098799676	-0.46029013	-0.1022451	0.14659867	0.022389706	0.5624837	-0.08903224	-0.5716401	-0.3406013
-0.26527345	1.3672826	-0.15555654	-1.4584358	-0.5198216	-0.1853048	0.39530912	-0.8785323	-0.26090437	-0.70276105
0.52325904	0.4715076	0.011281276	-0.00818632	-0.07487069	0.18106018	0.19716284	-0.10026723	0.061366923	0.49148187
-0.05089306	0.21516925	-0.087821715	0.7975155	-0.34733054	-0.59521973	-0.22326304	0.27429596	0.23672348	0.16742179
0.11410386	-0.14818273	-0.41966072	0.16312078	-1.390808	0.28388217	0.10328365	-0.64113307	-0.3700396	0.1931962
-0.09815927	0.2878237	-0.38304466	0.41053382	-0.7032853	0.028348275	-0.2806609	-0.5593003	0.26928365	-0.4591312
0.33370942	0.033385135	-0.27389255	0.2282499	-0.6890311	0.7144928	-0.014020362	-0.20464294	-0.22254519	-0.31722668
0.34344664	-0.003073763	0.43800986	0.595569	-0.36247084	1.3112946	-0.77890867	-0.2693236	0.29631907	-0.46611995
0.35199437	-0.3883835	-0.5243576	-0.41427	-0.13065204	1.1143849	-0.38778126	-0.37857115	0.16471118	-0.3702825
0.043787412	-0.3809639	0.6444282	-0.013952037	0.101902254	1.8701357	0.36778402	-0.11276323	-0.29479948	-0.2509412
0.11674664	-0.11501256	-0.14163919	0.18637064	-1.6204077	0.6891475	0.17412129	-1.269973	-0.5924747	0.16772385
-0.2626335	1.5700355	-0.049119852	-1.5461056	-0.33153632	-0.055408094	0.6051749	-0.31963283	-0.033536583	-0.41272128
-0.20623967	-0.7733739	0.49673396	1.0671685	0.05193944	-0.06894159	-0.28053713	0.22121857	-0.22085936	-0.5771251
0.35613516	-0.30680498	0.5018649	0.49965447	-0.094208024	-0.5946467	0.48975843	0.49656627	-0.30004144	1.3278503
0.005954333	-0.21479301	1.4422988	0.2664713	0.1880072	0.5584389	-0.108020894	-0.18422386	-0.1202854	1.2195737
0.17498389	-0.62990767	0.9858219	-0.003798416	0.13037448	0.22752175	-0.33290303	0.09301745	0.20378783	1.5712348
0.10005268	-0.743187	1.1345049	0.3228719	0.19890955	0.17265293	-0.06566073	0.2542979	-0.030212915	1.5663098
-0.2800125	0.90702176	0.16066854	-0.020944694	-0.06489112	-0.25523752	-0.6854057	-0.80364394	0.6837316	-0.51165736
-0.3617853	0.1945738	0.52956766	-0.2642813	0.5814222	-0.41366425	-0.12972751	0.034018103	-0.5282588	-0.013339249
0.16047454	-0.68581855	0.97943586	0.26230514	0.07026726	0.19141051	0.06603995	0.06737513	-0.04085478	1.5115864
0.22718135	-0.6778306	0.5417884	0.28950277	0.05331261	-0.40365353	0.2909866	0.50663793	-0.1172596	1.2463953
0.28712803	-0.44296995	0.54748565	0.46210915	-0.01562864	-0.54516494	0.35185033	0.543127	-0.2373492	1.3243719
0.46039617	-0.4784513	-0.1433229	-0.20699199	0.5791731	-0.45284083	-0.67120594	0.41660073	1.1594961	0.8006688
0.058505274	-0.11785287	1.5974615	0.19989602	0.2888903	0.17036745	-0.41041204	0.09175794	0.09913862	1.5615226
0.16040105	-0.4287597	0.57125777	0.34354603	0.047403432	-0.5675156	0.27987677	0.4622289	-0.18818758	1.08607
0.13813737	0.41703838	0.47995675	-0.18488078	0.15250444	0.31487745	0.17143248	-0.441308	-0.22714578	0.00533577
-0.42870316	0.73559105	-0.1296557	-0.7295113	-0.348531	-0.3691679	0.4477426	-0.016201794	-0.4011231	-0.81471336
-0.18225788	0.23611319	-0.28048405	0.99177516	-0.7171057	-0.369965	0.011934172	0.11642303	0.31254146	-0.41047287
-0.109096155	-0.4887996	-0.18568115	0.04773972	-0.3551223	0.2816237	0.31025127	0.29985136	-0.34960502	-0.3757084
-0.3986331	0.76031137	0.21959467	1.5656073	-0.8585114	-0.17533144	-0.14115275	-0.13979755	0.30078974	-0.38467047
-0.37510243	0.41910392	0.25265598	1.3982141	-0.8052123	-0.34031945	-0.44257247	-0.3887951	0.24533774	0.059788864
-0.16351607	0.93910027	0.18806224	0.56652504	-0.014274266	-0.5457171	-0.22081926	1.0969335	0.36736178	-0.3765565
-0.33873704	-0.12169884	0.1546899	1.3836371	-0.6225389	-0.04216609	-0.6155822	-0.22708021	0.356788	0.31894132
-0.36501452	0.13523398	0.1359653	1.2786077	-0.46142948	-0.007460829	-0.5432126	-0.019862764	0.4256836	-0.05355194
0.003766947	-0.11511958	-0.15242864	0.885182	-0.41988638	-0.58209443	-0.39105693	0.26367167	0.23779753	0.36192077
-0.17242807	0.2161215	-0.06322223	0.9265068	-0.5634133	-0.5237804	-0.10279131	0.10074225	0.21104571	-0.08286706
0.25621337	0.6276276	0.45064086	-0.052518927	0.3606749	-0.22214407	-0.80781054	0.08469664	0.7935066	0.3930662
0.23992291	2.0615258	0.3010834	-0.796298	-0.2775126	-0.6407118	0.5902772	-0.31586447	0.32912767	0.8521013
-0.0331493	0.17174594	-0.18432495	-0.19451275	-0.110152446	0.1138684	0.15464206	0.17348254	-0.1573159	-0.54761475
0.56041265	0.061701912	-0.28586262	-0.14696196	-0.56468123	1.0366971	-0.35548648	-0.43376043	0.0692831	-0.091594
-0.147494	0.34775588	-0.050717838	-0.25019592	-0.11068662	-0.1165014	0.17778303	-0.41572028	-0.49497792	-0.22651455
-0.123955905	-0.7667624	-0.42228648	-0.22524577	-0.36562574	0.6183224	0.6345427	-0.14835782	-0.9745831	-0.30171773
0.42366028	-0.41513506	-0.043184347	-0.11797684	-0.116357915	0.71524763	-0.75606143	0.09683671	0.44238755	-1.0226038
0.08438473	0.58740574	0.25886372	-0.49983454	0.111254975	0.36767003	0.2225716	-0.8342839	-0.5498733	-0.36253467
-0.05611553	0.9761889	0.74230653	-0.26829726	-0.024480255	0.42871118	0.24629684	0.17642604	-0.08319407	-0.93133086
0.067668684	0.705373	0.5419175	0.031222275	-1.5494281	0.36263785	0.51604503	-1.5680662	-0.41677657	0.30279014
-0.511881	0.7240761	-0.18373185	-0.62210095	0.4183975	-0.47250286	0.8489971	0.9190636	-0.648467	-0.034794696
0.08081021	0.29844388	0.53023154	-0.3281391	0.270096	0.250591	0.22387709	-0.44391757	-0.17670648	0.4116238
-0.13006547	-0.33853376	0.9703651	0.90082264	0.09251032	1.1775326	-0.19771321	-0.2644081	-0.14629225	0.0742067
-0.390317	0.66161007	0.34199786	1.6530505	-0.9833578	-0.30175743	-0.4275747	-0.44949865	0.2838252	0.092292964
0.22741762	0.630501	0.45579082	-0.048685543	0.42752805	-0.30369642	-0.8705037	0.10075888	0.83113366	0.39575702
0.17125538	-0.929493	0.3830142	-0.032056212	0.8260667	0.89672565	-0.0863419	0.5016265	0.16728787	-0.05528614
-0.0640302	0.29558712	-0.18567896	-0.032140218	0.026912555	-0.32190365	-0.43681747	-0.37157896	0.38892925	-0.17085329
-0.003425106	-0.81514263	-0.6559859	0.05280836	-0.47143695	0.49687013	0.24448891	0.66231966	-0.1096748	-0.28847095
-0.1348392	-0.56418973	-0.09385216	-0.96390665	0.06393999	0.4656745	0.28691906	-0.82984775	-0.734911	0.99899316
-0.2760318	0.093807355	0.16539274	-1.0909461	0.20793483	-0.31412765	0.18404955	-0.5652732	-0.7989049	0.8318057
0.2428501	-1.0144955	0.21563073	0.14262521	0.5093994	0.10213378	-1.0571624	0.46137738	0.4787186	-1.3003105
0.008997716	-0.014837447	0.30093065	0.42313257	0.23603833	0.2601133	0.17440672	0.2412967	-0.13316147	0.17748086
-0.28062138	-0.029641073	0.19057387	1.2768894	-0.5442926	-0.034016374	-0.6372835	-0.16401666	0.2992583	0.41554478
-0.30399248	-0.2553636	-0.26854974	0.5124589	-0.09044674	0.26788563	-1.031533	-0.5204715	1.0091704	0.046150614
-0.52153087	-0.29201767	0.93784934	0.029658929	0.87713385	0.39833084	0.09718388	0.6774903	-0.10531686	0.22468802
-0.041151095	-0.3860858	0.16884498	-0.032948233	-0.21020369	1.1471179	0.33198988	-1.1597006	-0.39398998	0.6365399
-0.2072148	0.2683828	-0.08403563	0.24349752	-0.26771128	-0.12453113	-0.47136876	-0.6068955	0.32526693	-0.15785229
-0.14856453	0.78616714	-0.05790337	-0.27612028	0.20158076	-0.13315839	0.76169616	0.041321084	-0.7293975	-0.003257093
0.6549319	0.18250845	-0.40133187	-0.15354608	-0.621474	1.163112	-0.344902	-0.4016935	0.07267668	-0.21635918
-0.25993618	-0.51646674	-0.2874017	0.7749168	0.07534664	0.16734454	-0.96203065	-0.49889463	0.9225048	0.44088224
-0.23595473	-1.2232745	-0.5014744	-0.11243368	-0.59360844	1.4029846	0.113512106	0.49024814	-0.22888136	-0.6114065
-0.29256722	0.5877037	0.48725235	0.43417254	0.16040036	-0.116352	-0.6012308	0.19372472	0.33695114	-0.1898573
-0.2424419	0.027743421	0.13338624	1.3647548	-0.67578423	-0.025607781	-0.52543396	-0.111357965	0.2564853	0.30274364
-0.096604116	0.20946044	0.15411635	0.7313818	-0.17437193	0.024332285	-0.18860993	0.17890607	0.021438442	0.1473296
-0.009311125	0.18185523	0.24768065	0.14897162	0.1369912	0.1341916	-0.109047346	0.13269311	-0.04843945	-0.26447827
0.09244216	0.42658395	0.19440767	-0.07213282	-0.006137341	0.26666588	0.07119115	-0.021500196	-0.14541009	-0.45074117
-0.30880314	0.14690885	-0.35258833	-1.5434976	0.12540935	-0.64485884	0.5879183	0.021458894	-0.6613375	1.1532418
-0.4366165	-0.17204434	0.83443147	0.95050853	0.54198194	0.3858079	0.18952416	0.5482659	-0.39489046	-0.24418332
0.415472	-0.6978112	-0.0694808	0.04640406	0.03392051	0.6275432	-1.0132422	0.32223782	0.60267866	-1.1897988
-0.3341093	-0.021920528	0.16461621	1.2813513	-0.63171065	-0.1551444	-0.583648	-0.28124422	0.30705225	0.25984824
-0.14202312	0.61315143	0.16781443	-0.64563566	0.34647933	-0.35134894	0.117400676	0.1248183	0.17672414	0.3546538
0.22679472	-0.14341466	0.03168336	0.022348937	0.18763848	0.11330974	-0.5653482	-0.08906921	0.3276617	-0.49034956
-0.30803525	-0.075654134	0.48474792	0.8208381	-0.075798385	-0.19950396	-0.18358245	0.15131295	-0.28637245	-0.6785744
-0.22090825	0.01760944	-0.010584815	0.92722154	-0.3602172	-0.5005283	-0.20875321	0.08451086	0.18967754	-0.12976953
-0.13469617	-0.25429243	0.7888188	-0.66371685	0.5417682	0.33897942	-0.16152927	-0.3292221	0.012710316	0.6558679
-0.12396237	-0.52663577	-0.10110943	-0.9202156	0.037663057	0.5161104	0.31053194	-0.8374542	-0.7399182	0.87871283
-0.0799969	-1.1380942	-0.72910005	-0.0359044	-0.6279356	1.1593255	0.12508902	0.64638674	-0.13082948	-0.52129185
-0.4215505	0.14635386	0.51102966	0.9041363	-0.030466106	0.25794676	-0.4919611	-0.09680717	-0.014061942	0.043263186
-0.07489705	-1.0738835	-0.77727276	0.01830809	-0.5507062	1.002825	0.34375677	0.64904195	-0.36361918	-0.56970775
-0.2689048	0.3213832	0.406511	0.8898213	-0.026821846	0.31100446	-0.49998406	0.13317575	0.06903641	0.21016125
0.25459385	0.633289	-0.006834572	-0.4248914	0.13271444	0.020036101	0.88368297	-0.49906027	-0.76415527	0.6297639
-0.07964821	0.8381697	0.45407772	0.53985274	0.09262975	0.40020853	0.17127447	0.96815443	0.1651121	-0.3053273
-0.20266163	0.2830408	-0.30846104	0.35316768	-0.20929646	-0.22150235	-0.7258589	0.45315415	0.83262795	-0.6984976
-0.08116932	0.28611946	-0.18893275	0.67452145	0.003364085	-0.7411361	-0.4069458	0.67186725	0.42833728	-0.25279206
-0.04050486	0.09822105	0.43080986	0.52480626	0.28895715	0.4425533	0.13126892	0.22350654	-0.16944669	0.1433008
0.15219668	-0.26505762	0.17009798	-0.10773615	0.6934078	-0.20247044	-1.1448615	0.07421977	1.3923014	0.67992187
0.08213971	-0.16202001	-0.40202856	-0.09910114	-1.2496156	0.27442688	0.111032024	-0.8318948	-0.32535097	0.3864336
-0.48358706	0.63108796	0.1304505	0.621432	-0.4500015	0.2873365	-0.86534727	0.36117807	0.9919745	-1.2227443
0.608878	-0.4036787	0.037224703	-0.32181534	0.5635526	0.54575264	-0.25631425	-0.11291403	0.23802811	-0.012075869
-0.40437797	0.60982716	-0.30907235	-0.78553593	-0.2291771	-0.30766016	0.42145538	0.24274424	-0.14224282	-0.5523024
0.30456796	0.0705933	0.12635788	-0.059951223	0.12722662	0.805256	0.029321246	-0.3342657	-0.11086908	-0.035240468
0.58042306	-0.3825179	-1.25483	-0.547218	0.33560452	0.22755325	0.40737778	-0.30925992	-0.54927367	-0.6206737
-0.15600377	0.53270084	0.7950473	0.114635445	0.004343498	0.23774031	0.22024299	-0.38848096	-0.41688734	-0.12760668
-0.31736633	0.92075753	-0.23044428	-1.9694349	0.7196801	-0.8502052	-0.03024785	0.086427264	0.5161955	0.8838651
-0.417169	0.6728612	-0.7104978	-1.5648658	-0.30632764	-0.09544976	0.27235115	-0.06632983	-0.059305597	-0.6162647
-0.10613574	0.3918957	0.37150812	0.5828561	-0.21123448	0.1841211	-0.120708756	0.12038032	-0.06604419	-0.7531016
0.062294476	1.0792657	0.47209746	-0.3504603	0.27706194	0.40971076	0.7610482	-0.5365653	-0.7877772	-0.39956257
0.051202238	1.0625747	0.16709562	0.69939697	-0.4731907	0.27578044	0.29990074	0.6483452	0.2530036	-0.4750404
-0.1706348	0.7169068	0.13740294	0.51493937	0.15830657	-0.7120458	-0.41973215	0.9658046	0.3573754	-0.226816
-0.1834993	0.4668039	0.07922485	0.088694274	0.024024524	-0.22310589	-0.52013606	-0.40121767	0.41408348	-0.2481467
-0.294388	1.0613585	0.23795898	-0.078383386	-0.04395193	-0.26501286	-0.78296363	-0.86101294	0.8013303	-0.57535315
0.27625814	-0.17303166	-0.28505212	-0.33343202	-0.18961525	0.9428251	-0.17286028	-0.592309	0.08057621	0.34924838
-0.203129	-0.12888183	-0.16142355	1.331632	-0.8813331	0.010421	-0.3862322	-0.23587763	0.40450206	-0.051089644
-0.0559069	-0.67069757	-0.5444675	-0.30409348	-0.27403253	0.87061167	0.35535708	0.82308173	-0.18549375	-0.7189826
-0.16292046	-1.0603967	-0.5628109	-0.06547407	-0.54555315	1.1276336	0.19557245	0.48778918	-0.24740697	-0.50733644
-0.294467	0.15231466	0.4610842	0.42389303	0.20023265	-0.16465816	-0.48906088	-0.036230907	0.054817725	-0.4678195
0.35228473	0.4219235	-0.00202434	0.005951056	0.07427011	0.45938373	0.48361027	-0.096970595	-0.36313266	-0.019192064
-0.16174933	-1.0420129	-0.70890886	-0.24977218	-0.5962657	1.23868	0.16693768	0.4520653	-0.20496763	-0.44020987
-0.121819615	-1.0160637	-0.56731904	-0.123047955	-0.56628716	1.2238172	-0.098198086	0.43951544	0.035599545	-0.48412755
-0.11822432	-0.50382394	0.11576248	-0.77465653	0.12501422	0.5511544	-0.030554963	-0.6829017	-0.24782577	1.0397365
-0.039036073	-0.8850668	-0.7916122	-0.15038021	-0.46162882	0.96837974	0.21861547	0.63023245	-0.16421533	-0.5198737
-0.15036608	-1.1355929	-0.6343094	-0.05593311	-0.5639417	1.1681774	0.2684788	0.58310694	-0.28584233	-0.5506395
-0.16864547	-0.24523555	0.72359234	-0.7439656	0.5917817	0.18436584	-0.111746214	-0.21652226	-0.090768285	0.6303679
-0.09817418	-1.0261996	-0.7124095	-0.07402973	-0.47584414	0.96995735	0.34495324	0.5454531	-0.36290467	-0.60983396
0.32218757	-0.10929465	0.20105985	-0.014539601	0.17223021	0.27781323	-0.7585422	-0.106849484	0.45605052	-0.6380704
0.06354777	0.34403908	0.45222157	0.17767955	0.1108734	0.34057954	-0.14932762	0.05925379	-0.004862807	-0.38786516
-0.20339331	0.6489756	0.47535163	1.0745144	0.013336073	-0.07537204	-0.7965876	0.3180514	0.39340344	0.43037316
